1472
2108
1889
1631
2055
2536
2566
788
650
1837
2586
1147
857
2412
171
2403
872
1493
473
696
691
663
1952
1449
2559
2478
2219
913
1666
1767
1465
2539
1132
2601
1839
1390
1209
2388
657
259
408
1980
2154
1735
1257
1144
1711
805
1057
482
1421
162
79
992
645
1413
1269
1381
2679
1830
1370
1939
893
2188
774
1534
1212
659
1860
2603
2431
1092
2561
2682
476
932
2435
950
1896
377
982
2112
1407
741
987
1272
994
340
2160
1405
544
1312
1084
1377
2627
2059
105
1231
435
2614
1879
1436
2546
1588
610
1808
1418
701
2501
2356
1884
278
865
519
1736
1965
1398
2638
1077
2495
882
165
2577
68
2150
173
2259
1027
864
1108
299
895
854
1738
1575
151
1789
2143
2704
288
1824
704
2384
1582
2542
830
1343
2400
1553
1639
1009
1539
281
1310
2468
2169
912
2447
1265
962
925
2080
2583
985
1424
1532
876
2216
2199
194
665
1762
867
592
1336
466
1706
430
613
1098
102
164
1155
399
1271
2156
2383
374
2230
1552
1184
2155
317
565
449
1148
1110
1803
2534
2117
