1575
2302
2478
2576
833
373
337
2395
1778
2542
2315
1749
1980
587
363
1602
1421
934
680
1960
175
1894
1767
937
36
876
1998
1150
73
1817
150
2239
2197
395
975
2009
1965
987
1266
1405
1108
2502
358
2451
530
928
209
2175
455
1783
1407
2108
446
330
2583
93
1913
215
622
1719
1986
1027
1144
719
2120
1591
2610
56
1029
466
1009
577
663
2614
2647
411
2004
1610
2605
2627
1640
1768
2682
1030
1187
1891
1289
592
2488
484
401
1820
1053
1066
226
727
437
95
1811
430
59
98
94
1204
1856
281
2214
1276
708
346
2103
67
1762
1815
683
214
1123
789
1756
1190
