1404
645
2260
1155
1381
2536
919
2474
23
253
1878
215
2112
2189
587
1097
162
736
2516
2277
2458
2105
120
1624
2362
2626
893
274
185
1785
276
100
393
755
214
158
1432
1913
818
2273
1552
2475
1032
1952
1242
1212
1041
170
377
773
20
2348
2204
2231
479
992
449
1862
1960
805
374
1839
987
1115
1370
98
1330
2592
2557
2239
1409
2449
1731
2055
1903
1170
871
581
399
1272
1389
1704
305
1948
2523
1841
308
838
643
13
2569
477
565
2476
1307
171
1899
1267
956
1030
1125
205
122
1268
1842
816
1223
1662
103
1156
849
1483
657
1287
2106
690
511
670
119
2577
1219
2141
1505
2349
660
1052
441
978
639
847
524
407
1029
1292
603
1108
1493
1456
692
1149
