1055
2039
1253
2651
1903
1229
2350
1860
377
1149
864
647
1563
1954
2139
2583
2614
2314
2028
2562
2219
2696
1066
1856
156
1209
789
2468
165
2449
1392
2108
935
105
332
358
1632
2427
1176
2020
209
1271
324
1125
2141
307
1058
2013
2215
1731
1121
446
1684
2474
2592
79
9
1901
2244
2322
2701
395
1377
787
2482
1913
2566
2235
2334
982
83
1553
697
1220
470
1727
663
2435
585
1959
2074
767
188
2330
816
288
2262
1815
1138
2706
276
2247
1041
1046
918
263
407
2456
1326
1756
576
2347
1230
2236
1425
317
680
2209
1162
1482
171
259
822
49
2208
282
16
679
1612
170
450
2488
150
2364
2048
1496
2605
2638
23
2458
1570
1605
122
1769
1307
2333
2489
1503
912
1390
437
1273
847
2610
1151
2126
983
867
435
2131
2529
1939
1405
774
734
1662
1857
2431
1709
20
