2566
480
1635
2247
1375
2277
324
130
441
1626
1695
2219
1030
519
744
1066
1560
337
1204
1217
226
818
1959
919
985
1507
79
2447
21
1121
2007
1527
240
1104
2295
1550
1083
446
206
2048
882
1413
581
544
1107
2154
2126
2323
2175
188
2627
659
695
1632
484
45
192
2577
1338
1379
2403
1749
2550
156
2542
1714
1808
805
1082
649
2138
103
679
402
2155
280
102
720
1817
259
1176
2520
2679
1571
908
2498
1898
655
1453
612
1830
1279
162
1035
2184
1833
1427
883
1856
1211
614
1768
98
1270
2464
696
373
1095
2485
278
205
690
120
1264
2364
1769
2103
1223
185
1639
475
715
411
1873
2074
1751
1421
775
576
877
1602
1186
2671
1685
1857
2241
511
2009
634
1282
1272
1727
1052
2559
560
862
564
1624
175
1825
2614
2431
1276
2377
1978
2562
88
36
987
251
708
2195
269
1842
2094
354
0
73
1903
934
1640
1084
1449
301
1137
143
2475
2173
1280
1003
