1245
314
1174
1293
2580
2371
940
1669
2387
1202
594
668
870
1452
601
139
993
631
2172
995
250
2092
2461
315
353
1086
540
137
2168
2158
644
365
539
2622
493
1476
1361
941
1763
1335
1569
18
749
936
671
203
1619
2130
763
1590
2389
1956
970
1660
322
1406
131
65
2493
132
232
283
498
195
91
2170
1798
1328
1401
1794
682
465
420
1206
2046
2287
505
2151
852
709
1402
2686
1442
1073
1732
225
840
147
1606
1228
1870
107
86
803
769
615
42
1786
875
1051
1215
1185
2174
707
272
1955
1203
1076
748
1607
2318
1561
1448
1936
678
711
1943
1337
2331
2532
839
1880
501
2685
1930
1165
2367
1250
2137
2019
567
1545
1757
1314
529
1145
2612
471
1394
2109
