1195
643
665
2468
1289
1422
2024
935
691
291
1624
1994
1270
395
228
1276
1123
2476
7
657
2353
2143
1924
1306
1742
704
479
1093
920
867
2519
476
968
2585
1433
862
435
1405
788
1895
2557
2
1035
1282
20
51
2424
1275
424
883
975
1965
0
1836
1577
150
2221
402
832
1526
2136
1975
2277
511
962
294
2623
627
1938
188
1407
1482
466
103
1550
2461
604
1498
576
256
1471
923
2315
1209
1693
1425
2674
757
928
1167
475
1202
110
1340
940
192
9
408
1418
874
213
1768
337
550
223
59
2540
324
2074
1824
138
2523
2122
1606
2529
2524
1064
734
952
2488
2539
1612
1901
1124
2013
1913
1993
1293
274
1695
1998
2138
1602
1731
2249
2439
773
2233
251
1003
2603
736
1826
1389
816
590
1738
584
839
12
194
1891
42
1467
2161
610
881
925
2160
2592
1237
1449
2560
2477
23
1390
2294
2464
1203
305
1284
978
1107
283
1889
1684
670
1817
1377
1321
896
1132
1185
2607
1149
612
2175
1250
1409
1187
2398
1672
1120
656
259
1182
14
1933
1512
2317
650
2106
16
1007
767
1877
1685
1280
1264
1115
1348
885
165
1067
1125
1764
1735
1860
2282
440
2336
557
1899
1586
2302
411
1190
801
1479
995
936
512
1080
2402
2496
480
615
2245
1066
803
2181
2384
2112
2158
377
2235
2666
158
1763
1399
2089
1248
2406
143
567
446
232
1562
2569
2498
2681
1879
108
1356
1590
2404
2259
403
243
288
2593
482
1504
1861
2094
2520
363
1110
1162
2220
1312
1020
668
2115
1808
1404
2485
2705
1959
1631
1255
1537
1837
1712
1898
1258
1077
1820
2377
290
120
1751
1265
2547
833
1619
794
999
1052
606
2015
2168
1253
715
1714
1786
1588
692
322
263
1150
21
1881
1815
1634
1635
2322
592
2325
695
647
2173
2591
2532
2296
1745
2319
652
95
2701
1257
272
754
2258
210
709
1139
2113
2661
437
340
2246
631
67
1169
1137
1534
2098
1572
1223
1145
987
2048
1427
280
226
1055
1279
854
1711
1114
740
2012
448
1219
1100
2046
1833
934
203
2195
2458
252
1762
831
2204
565
1947
2151
682
2622
1600
125
840
2596
655
185
711
1749
2371
2189
2147
1147
2156
2521
982
1548
1666
865
2483
2563
976
73
1161
273
88
680
214
811
2323
1029
1121
2546
1952
1391
114
97
1857
941
1862
444
126
328
2343
385
547
2105
2126
2465
2131
2332
580
2150
151
1452
2292
1171
2474
436
1176
907
2019
770
1961
1141
1394
1226
1527
1326
942
763
380
1295
1720
2501
129
534
529
1388
1401
564
581
1379
2130
852
2706
2042
419
1842
1783
2671
605
1626
2385
1392
1094
62
415
197
950
2638
2534
594
93
278
1831
1148
130
1173
78
34
659
2262
1426
2330
2493
281
552
2281
1235
122
1186
1457
2295
315
847
2615
2120
1732
330
1411
2580
2347
1915
346
876
428
622
1268
1847
838
2056
697
1053
1868
13
1740
36
100
170
2415
2679
240
1301
2284
2405
560
1563
994
461
851
1267
1196
1016
2409
1789
513
504
2154
1639
826
2388
1083
507
2210
484
206
374
1515
2045
255
596
1825
1453
748
973
1342
1930
1582
1778
1155
1539
2395
77
1496
471
1642
1934
53
2566
1767
119
98
407
215
2018
1078
701
870
2556
230
146
663
1491
2431
450
1569
250
524
2610
1640
674
787
970
1564
1944
299
2215
300
351
1151
1009
568
2055
1328
321
1591
2028
1986
1271
977
1266
1896
358
1599
2351
156
413
2169
1715
540
1662
2029
949
2017
2627
882
2247
1890
2239
2214
68
1448
1839
532
1545
1336
2092
561
485
1565
2314
2222
1887
563
2642
1060
373
875
1228
857
505
1616
2236
775
586
1217
1779
2244
1605
1429
645
365
107
1608
1220
1118
1027
805
1442
1144
1980
1811
2199
2612
147
585
1463
1041
2495
2260
1333
1206
1756
406
707
717
86
1926
289
1553
303
1841
430
1184
195
2031
741
2576
1134
2009
660
1330
1794
1156
1529
46
318
2403
1180
2298
679
1777
2660
2432
1084
2139
293
1472
1769
1856
1700
17
1571
864
1954
744
1337
1785
2007
871
2216
2285
18
895
2301
1648
493
2602
1486
1744
1335
1532
1955
1925
539
5
1413
1560
2184
1903
2268
1632
2172
2435
593
1300
60
2683
104
470
1242
899
1674
918
530
1830
2129
1561
2682
1942
1098
1361
1194
878
644
1245
755
2410
1138
1062
132
92
1910
830
19
1654
1086
1215
2490
514
1782
1878
519
2635
2117
2412
1907
1424
719
2657
2605
1669
1057
1936
354
603
362
1168
2427
2561
2459
2273
176
720
2234
1677
1522
1719
2350
225
2617
2651
1097
678
769
1647
2230
536
369
2020
721
1623
1314
2637
2673
893
2341
2685
1610
2219
311
208
964
1204
1476
1798
990
2080
2149
1368
1046
993
1908
2174
2482
2293
774
35
2109
1025
387
752
1752
1736
1211
2473
601
2542
600
1552
269
83
1816
105
2108
1128
2614
2559
1727
49
1971
2333
1912
2348
2479
2383
1873
1943
277
1105
1082
209
688
2331
1884
1311
776
902
2400
1381
137
2367
614
908
549
1287
2231
465
1338
1396
613
649
782
756
2209
334
1436
2176
2447
671
2616
2141
1570
1272
45
94
325
308
2550
2564
314
1755
1068
89
969
1073
401
2362
441
1465
1076
1327
1384
818
1432
178
1343
1706
1000
2586
393
1948
388
1229
352
1575
1079
872
1345
913
2349
800
1133
1556
2039
2502
946
1095
486
1983
1386
276
271
1739
1370
1709
1956
1398
2530
48
117
171
1387
912
438
1375
2072
1108
2536
1290
2356
1651
1894
449
694
1058
2686
2647
503
708
2669
1051
822
173
501
1803
2704
2696
56
1297
198
469
1212
1991
498
2577
2449
1296
1594
1165
353
2456
985
2387
2478
2630
2611
499
1493
544
639
1660
317
1775
169
1400
2601
2703
2516
588
2121
1032
1273
496
1489
1483
1607
2684
2196
1456
1170
2583
2334
727
742
577
366
175
282
1030
2311
2103
2318
1505
2376
1656
420
1164
937
1870
1484
587
2445
1435
880
683
80
1231
1757
1421
76
2170
2188
1298
1704
455
2137
849
2565
1885
2489
903
432
1518
877
1650
162
2208
749
2004
2475
956
2562
164
2434
39
566
1104
2451
1814
690
1307
1358
332
307
1341
205
932
546
1310
253
1858
1402
2499
1724
131
2271
983
1960
2241
971
2364
1859
2197
1939
699
152
634
1734
79
992
91
1880
2626
919
2213
1109
473
1130
823
1834
1503
1688
1364
102
497
2059
2155
1406
1978
1292
1192
735
2287
2702
696
732
301
1269
1507
808
477
1174
1092
1230
65
1970
74
359
306
139
1116
2391
399
789
2535
2389
