5113
1555
5867
1527
204
860
2391
281
5154
6568
4228
4892
7375
3971
5457
1587
6797
3326
1214
4681
4934
3318
6897
1675
5765
1706
6677
2435
3016
2305
2362
909
6572
1778
5996
5211
1841
7370
6723
6013
7051
3798
364
464
608
6679
6555
5312
7509
3823
4843
5033
4409
5542
1727
1135
5660
3230
855
2403
948
1390
5514
3769
7447
3013
7406
4291
2902
4714
2722
3688
3951
1512
4848
802
7519
5939
6614
6423
437
5294
3368
6831
2206
5665
3754
1488
310
6506
4132
2036
7074
3069
5904
5366
7571
4550
2176
6769
887
559
2125
1157
4474
5320
5860
2735
4544
4091
3470
3721
3705
4847
560
2674
3905
6994
1557
5917
4603
1735
3378
3340
1589
6207
4766
706
3671
6332
4919
157
197
70
4085
644
1792
1789
6273
1826
2371
1012
7083
4101
6736
2218
6280
6953
7122
6798
5020
7461
5903
6251
6886
4961
155
468
6820
1757
294
1347
4530
1551
7019
2856
7324
958
2368
7497
1038
1877
5205
2936
609
4806
5527
6497
4041
2418
3106
3391
5759
3339
2318
2156
6340
5063
454
2832
5143
3491
1628
5030
5268
235
4678
5003
189
477
