3465
2325
570
2335
160
53
7355
6711
1702
5755
4503
7209
6406
3493
76
5690
1225
344
5207
3566
676
5751
6263
6189
7299
149
3504
2832
4323
2774
5659
5998
5496
3773
694
2206
1939
914
560
3451
828
3231
2422
5245
4407
40
4252
6671
530
4856
4399
745
701
4913
983
7393
6137
5483
4698
4397
1029
806
749
6352
4620
5233
4106
661
4818
5585
2617
7301
3613
5795
4783
5238
438
2598
2158
5593
690
5933
5584
347
2271
3346
925
3169
4802
967
165
7527
7466
6491
6128
6502
1988
2277
6646
5337
5852
7446
2487
1227
5086
1838
6658
331
5716
1940
2306
1531
5139
6777
6317
1604
7221
127
5058
1979
