5358
6692
2336
6663
1379
612
6867
2415
1661
294
4039
3673
2199
4998
3393
1868
5701
4572
1137
2089
4769
2344
5742
4422
4955
1735
6377
524
5322
4078
2519
6926
1308
5401
3594
4809
5661
4029
4620
862
1671
3082
6117
3053
7098
3863
6363
708
958
5573
4614
3562
6464
1649
1422
2285
2473
5099
6940
2443
548
5335
5197
3720
3230
6495
351
5841
6340
4299
5610
1683
2655
3127
5861
860
7517
5697
3281
2893
2207
4931
1496
2765
7281
11
366
6559
1370
3672
5711
2556
3891
6523
6207
1750
971
6689
7464
1887
4048
1821
7547
7237
1666
3654
2966
259
1118
5542
4962
4664
4025
7497
6348
3921
6548
790
4453
7459
5696
7054
1516
1335
2793
1920
4598
4204
2397
6904
3356
2039
5736
5733
4687
5306
1784
3746
7038
5991
