2492
2147
7432
7539
4349
2053
2640
6649
6607
47
4245
4029
3164
4648
6615
7532
4241
6424
6182
4826
166
6948
694
5073
5474
6474
3168
258
2560
7165
4526
6362
2337
821
4037
2574
1461
4517
3097
5125
1575
648
1886
3482
175
2059
4884
723
7029
7367
5963
7015
4497
2211
5333
3915
6638
4470
535
3530
521
3910
5170
5017
530
6300
3839
3684
6650
545
7009
941
1271
885
4313
4980
2120
2760
1741
260
5591
4540
5024
4022
3742
1572
7330
6499
1504
3996
2277
3905
5453
5911
2730
1759
6404
7400
7492
4901
7168
6466
6019
3941
2467
5168
1819
7298
437
165
2200
227
2781
2420
272
1549
4474
750
2201
5364
1499
2626
7398
5360
1145
6623
4635
5445
7471
6394
6406
5608
3161
868
6559
4109
3917
228
6542
5684
6960
4651
3192
1867
3741
7081
7013
6325
1839
3708
3611
2478
6333
420
5683
2028
372
909
1168
2309
