4267
7278
5618
2420
522
1780
4183
204
1294
5815
6535
3572
1691
1998
7069
5259
1539
3422
1904
2153
2666
7040
599
3419
682
479
2451
3090
2228
2282
1126
1037
1246
3831
4616
96
7517
4137
1005
5786
6367
6223
2205
3565
2349
3315
612
0
224
5001
190
5910
4861
5444
925
6023
6563
3151
4970
3841
5365
6273
826
2224
3857
3319
4530
1424
5116
6674
2632
1821
7155
1041
1240
6328
2312
4187
7338
1521
4465
935
169
5441
2651
6139
2301
6103
3775
1839
1129
6255
7159
1065
3612
3988
2656
1234
705
5295
2036
1931
4313
4896
1908
5986
6095
5719
6848
7522
1121
3093
2040
3995
5416
3209
7492
2322
3068
2866
1401
914
3720
1293
2725
3399
3953
2010
4661
5696
3286
4012
5199
744
4776
2494
1178
3617
3674
6557
493
4133
890
39
1653
5643
605
4412
2607
4913
6128
5835
282
3684
919
6459
174
3577
2353
608
1269
3578
4905
3120
4460
6419
5491
2200
981
1901
5057
7032
1544
7041
1449
3835
3192
2633
6993
293
