1739
3403
5937
4612
6967
833
291
133
1528
2188
6358
226
1651
6707
6626
4224
7265
5994
2944
3990
2431
7564
3515
5186
3317
6088
6644
6745
7430
2737
6315
2106
4951
1067
3832
22
2496
5006
2179
7139
1950
3396
6856
3279
2847
4473
4485
3401
7204
3822
7218
6634
3415
6134
2976
6911
5455
3806
5429
4464
6149
4423
5379
5964
6728
631
7317
5896
6954
6857
2513
6433
1550
4342
2761
396
2363
3571
6984
1631
1477
448
5196
434
4419
4674
6501
4170
6402
5342
6890
2074
1676
5919
328
1024
5414
716
2573
4297
921
2940
4781
1231
1536
1984
2314
1854
917
1976
2115
6826
3466
5752
2374
654
6529
4629
5418
4389
891
5771
2173
4282
6851
2887
4719
2351
2629
6505
3874
3923
5078
669
6869
1421
2647
7186
3608
2549
3819
5616
6786
627
7259
3174
3624
2280
3232
3548
4814
2488
5376
1056
2597
5955
3702
2664
2826
2155
1689
375
238
2590
3522
1125
1186
4879
1009
332
2357
3847
264
1786
2592
1853
3348
4590
7018
906
