608
6225
6934
4084
707
1720
5740
7174
2262
5440
3729
536
3175
605
1757
4227
5401
5595
6853
4982
1180
947
231
5691
1489
1992
5793
1493
4391
3146
6902
2698
4184
1573
3593
6650
26
6488
3653
6160
6249
7312
5657
1553
1282
138
3002
2476
5029
1445
3737
3661
5354
2012
487
907
5299
4828
5490
2911
1057
1764
2638
2026
4382
4933
6135
2147
2653
1397
5239
1487
6103
1104
1322
2497
7326
3289
5112
629
7157
2263
5021
7472
4069
2620
4575
788
2105
1653
1562
7078
6330
2073
593
423
3740
5062
7235
4443
4469
2540
6677
7541
918
3048
4273
7502
7540
1095
1999
1479
3705
4316
6054
5533
4366
6884
7193
2808
104
109
7435
2345
1268
2273
1161
3137
4624
5927
7444
438
726
694
6752
3333
3272
2696
5392
6413
6533
5683
6113
728
3835
4535
6578
4306
4250
1137
4648
7169
1144
5422
2140
6101
6785
4696
5049
5640
1698
5646
6448
3553
2550
1436
4533
1407
1835
1194
7330
1521
4383
5335
6855
4546
354
6559
4756
3906
5097
5283
5786
2460
3921
6175
6524
3689
16
2201
5559
115
3299
5226
5279
7183
3293
5882
6600
1969
2222
7268
1238
3097
2832
5469
4142
1379
6936
6639
2243
2418
5523
3173
1643
3315
2879
2732
5475
6379
1534
7388
7028
7209
3886
281
2252
6453
4452
3177
2427
6968
5064
2329
2172
5397
5232
4856
1526
1467
6250
5130
1624
5920
2388
4496
6987
3815
2941
2455
1948
50
5452
5638
4413
4832
1300
7371
7325
3001
1290
6776
3169
2315
7350
668
2139
4402
4037
5072
4607
2747
6010
313
1904
7390
2350
6514
4206
5273
4373
185
6074
2741
3598
1069
141
6651
2876
1415
2939
2691
3698
1664
6490
1623
2574
3722
3512
3963
4016
7442
2824
1503
7185
4471
4703
7449
6812
5659
1393
4123
1520
6193
5110
241
7290
2933
2453
2068
5374
1127
5851
3358
5508
2908
2697
4893
2103
2970
132
6108
2980
3783
1059
1040
2655
3411
3798
5703
4821
7033
4431
794
1183
1841
4225
672
2040
2338
3429
2415
1709
778
484
4092
7081
3827
1961
1171
2523
391
7286
1923
2665
3971
5461
1097
6597
2771
5276
7243
468
6859
7478
758
1390
4743
2045
4701
3252
4221
2324
6535
6169
2739
2268
6698
935
278
4357
3503
6849
329
3970
2307
2932
1950
821
3263
5052
6715
5026
133
988
5427
4008
1554
1740
509
3739
105
2067
5034
7404
320
572
5181
2442
6238
356
1529
277
5583
32
1252
7453
3343
1850
447
2425
3591
6940
2641
4801
6930
2284
7119
5447
3489
372
2625
4930
4622
5675
3551
4641
4814
7043
6685
1572
6496
4827
3628
6481
1823
7482
2839
1590
3899
4621
6694
6190
2859
2226
6137
7125
4845
3618
799
6465
6970
1253
5841
2855
5667
2380
1588
1429
4674
2702
111
2191
2180
4503
169
4921
2017
3890
3554
4951
3155
6372
1902
6682
1543
7529
4260
474
3965
6406
7010
6620
2717
4667
4097
6421
7077
5233
4864
2557
3915
6864
4404
6640
3203
1633
3905
2958
1023
1260
6046
6607
4341
1371
38
6346
5615
5212
5291
7007
6791
2496
3576
308
3756
6669
2798
6080
6089
6963
5567
5435
4319
6532
178
2278
5095
7310
1746
6088
7093
5416
1767
3075
4081
734
1542
2104
3944
3334
4851
92
508
7313
2018
1170
2233
5846
3161
1455
3562
4761
583
6818
1516
727
5802
349
4384
7063
4272
2384
6472
3058
7194
2499
7165
4133
3092
3642
3266
2940
666
3314
7401
2163
5810
3357
4590
4826
7293
2182
7296
2834
175
3256
7566
5048
2206
2607
3731
5807
2014
1649
7298
266
1277
4955
1214
5987
437
7319
2102
2784
12
3942
2822
6075
7380
3055
4099
3074
895
4074
966
6037
1140
3275
98
5483
1615
3878
79
6876
7526
7287
3470
5741
3188
6052
3979
4063
5217
4552
931
4350
504
2533
715
6220
1007
600
4998
1535
2417
5472
558
1249
2583
3833
7373
5271
6358
3581
7239
2590
7234
3327
1033
3364
2856
6150
6809
3247
909
4085
2549
1897
5678
7431
4848
4454
1312
5702
184
5732
247
5213
7314
2198
1558
6492
768
5204
7222
4292
2663
5953
4596
7461
2211
1514
3452
3154
3167
747
5506
3530
4189
3295
1102
2760
6056
6280
1873
2780
5486
432
307
2032
6803
2945
3611
6397
3297
3363
1810
3752
3060
5773
6147
6200
1861
5456
5316
3776
945
4800
815
978
3475
5551
4992
2245
1934
3612
3428
3494
6631
3274
2300
1356
2428
3775
5118
4053
3896
1496
5563
61
2895
4529
2637
2513
1112
7182
1889
3171
1581
2847
1301
2873
230
7317
2596
6921
5797
3303
5236
4987
1167
3771
4030
1705
6154
2827
601
5981
2812
7008
3499
4338
3849
5071
3616
4489
4122
5884
2758
1586
4093
5238
4773
4685
5954
651
2401
7145
3701
1875
6796
2914
5697
6442
5795
1349
5295
4760
4876
2737
4500
6105
636
5768
7347
5580
6148
6059
3027
6425
3757
4850
948
6070
4449
5679
730
1785
6516
2494
3901
122
6858
7515
646
5443
739
5747
1580
2456
6820
3262
857
3867
6131
4066
18
5454
5473
6988
7299
4330
5405
417
595
1227
6605
5318
2299
5690
7508
1908
5587
1895
2566
5900
6794
6064
6548
2274
3651
6091
3460
7265
4002
3207
2527
4878
6981
470
5286
6439
4775
6774
669
3491
5716
2486
2089
5897
2657
6775
3997
2360
5186
7308
5724
619
2591
5457
3801
2535
436
6318
1669
6290
7331
4286
40
1172
540
5103
3392
4220
1441
228
2609
1862
5888
5143
5626
7256
5465
2022
4740
4325
1932
2524
2987
5972
7163
875
1485
1832
1468
4757
968
10
3517
2776
7311
2003
1309
2331
2969
1984
4361
7096
2435
5358
7083
6245
4168
1867
3384
1200
2483
6087
1527
3515
4014
3083
2199
5530
2543
2936
2159
7387
6032
3938
782
6241
2202
3864
6922
6035
3302
4003
68
4792
6385
4623
259
5201
5937
3745
808
293
2379
1067
5070
5547
6740
3572
3115
1225
899
2723
371
6209
7571
5471
6957
3206
124
7455
7396
3803
2522
5781
6942
4570
1206
7548
6097
4805
3096
4976
7367
4041
3592
52
485
5867
1528
1179
6593
4657
4698
1812
2651
1001
6644
1781
1988
1048
4954
5439
7434
1814
5955
76
7539
2326
1085
1776
1029
1209
1782
882
5061
709
5751
6702
4457
5407
1608
4563
7230
5430
383
5974
1152
3287
2058
1195
3376
2115
2888
2097
6014
7560
974
5267
6536
6213
4513
7305
3091
6295
6929
1584
3895
7266
2440
288
597
1787
3010
4328
792
6860
807
4556
4817
6982
7179
5837
871
6688
3825
4204
1886
5414
3709
255
4560
990
6335
6580
1086
2789
1264
2990
4178
188
3889
609
1847
611
4564
3487
3107
1708
2175
644
3423
5554
6825
4154
1621
7564
5332
2648
2466
7049
4218
602
6205
3667
5746
3810
6893
144
1531
5951
2930
4203
3626
3665
6816
4880
3186
4110
1972
3044
1438
5943
2754
3365
7513
3184
2560
3802
100
7136
4989
5619
2906
6751
5553
3968
2927
6996
5870
4246
979
2034
3336
375
3648
2227
6276
2840
3580
5643
1395
3441
4145
3923
3140
7199
779
6351
58
4440
1991
2567
3166
30
7259
6134
4483
6904
1805
6518
1563
4660
873
5628
5933
4780
4959
2422
302
3481
886
4034
5651
7164
2575
3860
2228
1739
6734
2368
1210
4401
6185
4342
7357
5589
7190
7363
4886
6348
4603
1333
3016
3093
5323
353
5561
4877
7104
3443
346
6368
1552
3861
5861
222
2371
921
5990
6658
6969
4088
147
2414
1702
4175
6057
3355
2740
5862
4422
2727
5669
6203
7359
2468
2020
6337
1951
3120
6375
2339
5225
2842
6757
3106
5637
3839
3116
7393
3590
577
989
994
2642
5478
7556
3114
970
2675
310
5608
1364
5850
753
1830
1259
5338
4863
5185
402
2107
7383
3782
5223
539
4004
294
1905
3033
1495
2048
973
1202
7105
1009
7385
306
2065
2112
3144
4169
394
5693
6333
5634
2576
5320
3014
1092
2389
712
5928
7092
4170
1929
1793
4201
6289
1668
202
2308
3342
573
4728
7324
85
5731
5123
6261
3476
2411
3023
5119
1762
5120
4669
3068
7044
4613
6095
7483
7071
6229
6606
2536
6445
4023
4070
4399
5031
4379
6018
6843
233
6034
6695
1185
1281
94
1799
6125
2196
2174
5590
3258
741
4354
2597
5600
3447
3339
3793
5680
2626
4651
4296
2863
5686
1021
7273
6003
4612
6728
3774
625
797
2981
3854
7413
3794
1049
7122
7375
5696
4477
5617
2785
7436
2129
1890
160
1524
4101
6053
4024
2387
492
6112
2957
5178
3844
6255
4269
5496
292
7195
7400
4766
7289
6350
3847
4803
5211
1925
3205
1778
4159
2564
5641
1138
3320
740
1675
5001
2947
7248
2817
1648
1155
5014
5002
5720
4171
2920
2964
4491
1947
72
6995
4833
1319
3451
822
5633
5322
2382
5025
1419
7264
4609
2857
2595
5191
1864
3877
134
378
723
6079
773
5714
542
2680
5353
6807
1013
5159
4765
1743
1142
1374
5000
716
591
2214
860
5170
1509
6405
6612
2534
2398
7208
2164
271
4554
4723
606
569
1420
4290
7535
2866
1549
3988
6976
1477
2356
1224
2030
7369
3281
4859
1066
2123
5605
2835
6687
574
7365
4310
1711
5698
1159
460
5148
3088
4784
315
3625
5607
4213
6839
4741
5805
3501
1784
3235
6706
3962
6277
4353
952
6362
5622
5763
4224
2467
2722
1837
3694
3575
2118
3069
6069
1091
187
6497
929
4527
179
6268
4425
4194
3560
2215
4148
1858
6393
7534
4446
998
5986
5004
6084
6504
6132
2029
7205
6258
841
6898
7316
6905
426
996
5388
355
5104
5573
5262
4659
7102
4355
1192
3555
7519
1651
1733
4137
833
6128
3935
4912
2561
6994
6012
2686
7356
6950
2925
3130
6724
1816
7465
3584
3143
5572
4970
6248
2955
2565
4589
2985
2122
878
3311
7420
1439
834
829
4388
5460
1546
2837
1949
7522
6792
1609
7430
5762
5824
1877
4906
2136
4079
5272
3619
7344
5960
7215
4520
6554
2441
7173
6491
6592
4544
4453
6835
896
6011
6041
5485
607
1403
1547
5495
2383
2297
4212
1933
700
1645
3943
4397
5757
1833
7565
1157
959
114
1181
5152
6480
6114
3507
1592
1629
905
7140
6885
6176
505
746
388
3797
830
3536
7517
1482
1769
1598
3807
1035
39
4709
7370
2426
3141
3459
2424
3907
3682
2666
5946
507
2617
6382
146
5556
7471
411
7095
2076
157
530
518
3974
1353
1406
1078
4835
3456
3602
7198
2327
5548
3391
5992
598
7476
2142
708
392
3129
4731
1750
140
3781
5051
5729
1836
4363
5941
5639
1766
5099
3865
7073
4687
6834
1701
2091
6060
1320
2446
2280
3742
5911
3948
4854
6703
5733
81
6705
1998
6257
693
7170
2532
2916
548
4649
4713
2498
6586
6201
3208
3286
6016
6974
4551
6466
1616
6643
4788
4836
5833
1979
6736
3852
1974
1571
1946
4872
1316
5380
2127
1973
7399
5866
5501
5357
3914
1325
1755
5289
3791
3841
7114
97
3506
1983
1541
6141
225
1380
2458
425
419
6399
373
3573
2715
3418
4913
4112
2786
946
7032
4964
2977
5342
2915
4990
6210
3695
5248
7000
939
6039
4923
1217
5244
1918
4270
7327
5121
5028
2757
3996
7323
6916
480
6370
1607
5138
3723
5303
5455
2431
1561
5665
5520
5803
327
1997
5431
4140
4125
823
6594
3832
2849
2860
5090
7241
4804
2117
3574
6886
7484
3800
4576
2185
6149
2623
4031
5603
7511
7574
7386
1063
4417
4593
3267
4497
4160
6932
6383
5621
5511
519
2693
2253
1878
3151
2569
5537
5153
3215
424
3558
3646
324
6661
759
6954
1522
4182
3442
3828
6327
5083
5789
4475
5956
5945
6180
331
3998
6286
5352
3202
6746
1725
1628
2683
6315
5257
717
2976
4978
2208
3319
5018
5623
3537
7142
7394
1222
5240
3190
2311
3680
4717
2793
2381
2570
4117
5402
4849
674
3960
364
4604
3583
1761
3707
1034
4340
6906
892
5514
2209
3513
889
1585
648
465
5269
6577
848
5101
1424
3973
1075
3606
955
1404
4259
7353
6243
5210
3645
3098
1721
6537
806
2838
386
949
6145
3414
1765
3035
1370
3720
3990
551
4580
6681
7035
163
3926
637
2421
2646
4430
2909
2516
4843
2161
2519
1706
4336
6770
2865
4050
2664
4115
7332
4335
7379
2351
4472
4742
5940
5543
1010
3062
7201
4444
6581
718
1956
3893
7128
3532
3681
2141
2271
1118
5426
5066
2862
2963
710
451
6475
1251
1412
2463
6865
6937
4680
376
4768
2746
1536
2015
3049
2514
863
3017
3022
1427
5131
3508
3117
7366
5855
5412
4541
7377
75
4938
1505
1606
3004
7360
6801
5876
5216
852
6530
1613
6729
3697
7421
6890
4591
956
5039
570
3255
2445
3237
4283
7411
3545
6486
243
6766
5549
6735
7229
4129
3356
212
1682
3631
1256
4138
2559
1927
1551
2769
5494
5723
3026
1478
2701
1124
4156
755
3706
5625
7029
3352
642
5676
333
3011
3891
2448
7151
4816
5518
4108
5790
5306
186
7059
6897
6956
4045
1123
3937
1107
1907
1191
1641
3269
2293
1476
6163
3837
4635
3413
5599
5125
4606
3888
6984
7416
1351
2335
3544
940
4232
3947
7501
4331
7091
5799
400
982
1203
3911
7054
7348
4579
884
2850
2874
4879
2084
7246
1589
4506
4616
6966
82
1894
4681
2935
3478
3466
7189
3824
5206
2478
3340
4179
5672
3668
2541
194
7115
6672
3809
7512
7267
2439
684
1942
6186
5038
3419
6207
3
6424
1434
1126
7250
2130
5681
612
4753
3862
7415
5512
4113
7321
4508
1204
4124
4102
6668
6487
6165
2734
6948
7437
4602
471
1341
272
2539
4435
1071
4386
2604
1970
3624
3378
656
2525
4633
1030
6582
5060
6067
3779
1872
5752
3131
2081
2169
3249
5636
5963
1134
2634
5020
500
5598
4461
1444
3477
6308
2869
7475
2064
5108
6422
3976
4155
5036
6633
6638
2031
84
588
5939
3516
6960
4548
4374
880
4349
515
4406
3540
5229
5816
4000
1205
3565
2060
4307
3404
37
1340
6061
7120
3191
6679
3622
7300
2589
5998
6449
1690
6013
2790
4523
4937
2962
3868
2023
5924
6237
2844
4663
2481
6647
6062
849
7188
4254
4208
6319
2907
7018
3647
1788
3288
2454
5096
1070
5726
7439
6967
4957
4730
5964
1083
5188
5251
1869
720
440
3305
5261
3480
5777
5311
7154
2867
4582
3521
2259
3195
7025
1723
5934
1367
5166
4466
7196
2679
7507
825
116
2511
5364
7180
1564
3444
3132
3792
3898
512
1279
6563
366
1384
3410
216
224
3569
732
3056
2099
119
6274
1028
2452
4057
816
408
6761
3753
6798
5484
2893
621
6690
4042
3490
3730
3082
6602
3930
2276
3225
2212
7050
3021
6293
7212
6993
2079
4368
6635
2369
1688
4562
3703
4271
7427
5828
1347
2622
5080
6847
3226
2072
2069
286
711
93
3679
1473
1786
5586
6414
3764
2753
5585
1005
3587
3676
1686
2010
7171
6297
4795
4387
1199
2501
389
743
20
4235
2636
7446
1411
6083
3196
7094
6401
221
1221
2794
6024
4177
7488
3738
7552
5418
2592
6182
5737
4749
78
5557
275
102
6861
161
1239
6098
3604
6622
2886
4485
4716
1555
5246
2005
5194
5011
3713
2108
1396
6423
455
4255
6483
4132
2851
6259
3073
458
2890
3046
5182
7197
1437
7076
2230
6915
1103
4434
4
546
6489
6814
6364
4751
3526
6509
5100
2386
1350
6919
6129
4006
6019
5575
2829
7454
885
7283
3388
2582
4638
2764
6501
3072
4121
5288
5973
2403
7339
4584
4104
2306
5180
5921
6469
6831
1693
2160
1707
4928
4769
4161
5394
6637
6589
2708
249
3123
4897
3157
3464
6262
6701
3050
575
1901
5661
3876
1806
1087
1094
6391
1145
4261
5555
7520
689
4958
3630
6342
801
7448
802
2542
6901
4615
5408
4495
6546
4180
4488
6068
1748
5923
4528
1109
6221
7270
360
2573
6218
3972
2556
1335
3855
6513
2056
280
4028
861
2392
6923
549
1559
2775
3734
4068
6447
6683
3605
3814
5015
1016
3170
5067
5458
4043
5445
4095
7492
3486
3209
3873
6769
2144
4311
4416
3168
7558
7412
1530
7546
1435
661
888
3345
4185
4619
953
4783
4991
3136
1173
876
5453
6244
3159
1229
3588
7432
1232
4334
2205
3711
365
582
7281
3484
304
49
2001
5743
1178
3784
1311
2235
27
3758
1741
4812
6829
4605
3712
4011
7038
3951
5755
1332
1597
5202
1852
4134
2
7418
2485
2316
131
813
3696
4238
2951
3448
4931
529
7381
2685
1338
2548
3174
5183
6531
2116
7181
420
6446
6879
1053
5949
6288
6005
2286
1578
4636
881
2374
64
3359
6725
238
6400
586
6187
5309
2529
5745
911
2495
4462
1742
4193
2870
3894
1163
1898
7155
6168
1550
6204
1336
5926
6510
7144
3024
3950
4298
1840
3917
6558
6066
5783
4327
690
772
2264
7288
6657
6965
7258
3725
1449
2085
5073
1116
2748
676
95
1318
6926
3403
5536
6699
1809
2313
745
4553
3101
4408
789
2391
5045
5421
7487
4333
4782
3192
4448
6811
1399
5838
1032
1851
2811
6565
4257
824
3851
8
1244
4482
5997
1275
5284
5968
763
7337
2633
2652
4654
6670
4926
3270
5163
427
4511
3233
521
323
6467
7026
3578
780
6322
6527
1176
5632
1576
4549
1941
5510
3627
3032
2948
5715
6432
7570
4905
3858
3397
5904
2803
908
2062
7232
3831
6810
47
4394
7506
1990
6781
4474
1726
7099
1039
3527
1460
912
6049
1736
7447
4895
5111
2479
3655
3660
5827
3457
887
1957
1002
590
1689
2986
5287
3789
3077
6462
5844
2330
5689
6416
3751
5467
384
527
4518
7554
3924
6826
862
4738
7168
6143
7172
7064
550
2240
2998
4073
5801
3834
7052
1355
1731
2231
2508
4267
5756
5645
5688
506
4241
3761
3316
3632
7167
5149
1168
1854
5343
5578
1727
5902
6542
5391
156
352
4531
1453
4222
585
4297
7109
2420
5480
561
2366
6493
2039
868
7530
7161
3453
5424
5057
5282
180
5058
2880
1792
4288
5787
5821
2066
1360
434
1971
1037
3322
4894
5009
4470
2285
5540
3936
6674
1931
767
4302
2934
2100
2580
4141
6055
7547
4949
5588
5150
2903
5831
6477
1056
7284
3561
7349
6722
3866
5055
2961
1160
5991
643
7041
148
77
6495
2581
5252
7504
6464
2586
1652
4962
4600
244
3913
1122
7134
4308
774
291
5190
6427
409
5141
2451
3430
4492
4823
5146
1343
1758
3534
6569
1892
106
4390
6000
6789
4545
6340
3284
5133
6361
870
2393
993
5931
283
2593
2357
6498
4655
4903
6782
7346
3020
6868
6733
7159
1292
1060
3271
4428
1188
1099
516
218
2294
1579
4940
2983
1662
3473
5571
1499
4240
5230
4337
1763
3538
4727
1401
5174
2469
3246
6251
6381
2376
6390
1220
4629
4427
2413
4764
523
3051
4268
5577
5438
5489
5007
3765
3994
4007
2898
7498
1050
1304
5877
4866
6081
5270
4530
5847
5313
4451
5258
3871
2232
3431
1679
2966
4642
2825
1825
3634
2390
4010
2654
566
4634
562
5366
4100
2858
5145
1045
2750
5967
251
3982
2229
4234
5017
5389
4433
6632
4282
3435
4771
481
5908
5982
5294
6925
4421
3940
4393
2042
3977
3535
5209
1795
3939
5765
528
3153
1849
1910
2200
6872
3433
4874
6485
5084
6784
3993
1240
3242
328
5952
416
4683
121
6355
7280
576
6157
2193
2049
1165
7477
2973
7067
3741
4437
7150
3804
6503
265
1574
235
6212
2619
3813
4284
795
2601
7278
731
6317
2616
5336
6099
5910
6882
3633
5885
6223
1575
5544
7219
926
5999
2731
5872
2864
4111
4643
4538
5887
6867
6300
4914
5677
5327
1376
7282
692
4376
4389
1377
3323
6484
153
1870
4963
2348
42
3318
3260
2960
560
6760
3090
1893
5682
4174
6841
5205
4348
3298
4476
4371
5666
4626
1451
7320
6649
1321
858
5256
1920
5663
4209
1344
790
832
6944
7414
5925
5606
6892
1448
6404
4543
4455
6228
4436
3929
208
57
4935
6911
7368
5265
3290
7251
3671
3952
6946
3579
627
5005
5883
6356
5906
196
7226
2358
5708
7301
7459
6394
2341
587
1567
4517
2319
5668
6374
6598
3818
6653
5532
4566
1433
3759
7211
2783
6224
2362
1508
453
45
6384
1237
5754
770
5812
6051
4565
5292
4763
6713
6590
4423
7244
839
5526
1752
4480
5173
2537
1620
1632
3652
295
4103
1856
2779
1712
5778
4439
1004
4199
2156
232
442
1358
6124
3216
5115
3773
3454
2301
1674
3095
2676
5569
3471
4514
1187
367
4291
3379
1154
5347
3309
4248
811
19
520
3659
5819
1735
6857
5340
2258
5717
7005
2075
3571
751
3139
1525
7110
4089
4249
5498
5594
403
4790
3036
971
5903
3933
5767
6707
1315
4943
4747
5379
4252
5977
6184
4504
4809
4722
3777
6174
3025
1169
6747
2956
3412
3812
5695
2612
2992
4183
975
217
4280
1486
891
6748
635
3966
7374
2677
1966
2224
298
681
4647
1184
6194
4704
1614
3291
5519
1673
4442
96
5570
151
6499
6517
4852
1728
332
3081
462
2480
123
1139
922
1088
5074
4075
5591
6357
301
3623
5711
5399
1314
3446
6869
4231
4972
3292
3559
7285
3040
7124
1996
6215
2799
1051
3874
7495
682
1215
1548
7060
282
3941
7510
2585
7178
6883
6093
2884
2922
5808
4090
663
4278
812
4592
6240
915
6170
3522
5886
5579
7075
1294
2877
6506
2434
2322
1342
260
3768
289
1
4689
5215
7509
2815
6997
5962
3084
756
5823
2833
2889
6704
1512
5184
2515
3283
464
337
2375
1953
7527
5200
4424
6092
4965
3321
488
6256
3047
3788
7275
1744
2621
3669
5410
6426
6389
4968
1596
6044
4032
2247
6086
4346
3346
7048
941
677
2438
5944
3211
2624
1345
5023
4013
5195
418
357
4883
2036
7372
1422
4186
6833
2484
5341
5117
919
7127
2762
2021
3163
4332
1913
6780
493
4293
3259
1466
7253
7294
2630
319
262
2614
4036
1280
983
7066
3463
4871
1446
1121
7080
5592
6307
7469
4229
4407
1408
456
1120
1824
1779
3488
2772
5382
7438
2726
5582
713
1216
1289
4392
2087
1108
6745
3808
4690
3189
6407
1940
2704
1089
3214
118
2176
3065
5558
6880
2761
5132
1976
5168
4900
1017
1692
5444
7462
534
7525
2447
5914
374
3594
5704
3502
1274
3377
7499
2725
6216
3462
3987
6850
2111
475
2743
2217
7304
2054
4468
7056
995
578
5385
3354
1090
5492
3856
4627
1119
6402
4993
5151
6178
6979
7533
1497
1926
6138
5247
7354
1329
5192
748
645
1368
3127
1504
2430
5360
1654
5356
6171
7090
981
6720
5734
3641
4130
1432
2234
4157
4098
7233
6895
6417
2628
6552
1732
1389
958
7238
3279
6387
5384
3108
5179
6063
2167
4572
3064
2756
3715
2563
2303
2482
4559
370
4650
3900
1981
4365
5386
4524
6398
4149
2959
4676
2745
557
4197
1130
1760
7503
7247
2774
362
1939
4668
7148
6202
3150
69
4910
1844
4966
556
3482
6555
4096
5207
5142
1247
4153
2349
2121
5919
2289
3468
5417
2336
2320
2810
2974
1928
5333
4369
1685
4610
2399
6239
5713
5365
6458
2782
679
48
1965
1055
2751
626
7405
3903
7555
1896
3409
6909
1914
5470
7175
317
3328
5161
2926
89
65
6990
3422
7474
4946
3721
5324
610
4205
2891
2063
2845
3111
5759
2602
5859
3985
2165
6127
4952
2410
2989
999
4999
300
1819
3666
5476
840
4005
2173
7409
6523
321
930
652
6972
3102
960
5670
7228
4419
592
5742
5500
3182
1324
3149
599
6435
5487
6959
6139
3863
1308
6947
6140
818
1494
7493
3744
200
2361
1661
1143
1000
5692
7452
6615
7023
4855
6231
6799
559
6795
2314
2949
4253
7279
14
4834
7121
5355
4973
2074
6828
4815
2181
4707
4755
1502
274
1077
6043
6568
2131
1570
4664
190
4051
4067
4202
6964
1797
7490
7051
6030
2711
522
2944
3019
4266
4714
4822
6247
750
226
5105
1218
5087
5845
1967
1302
6821
3436
6551
1133
1361
5420
7040
5113
647
3644
3983
2171
3704
6935
7220
6197
3992
4969
6806
6744
2699
5441
5423
5596
699
1672
1879
3393
60
2991
6450
6805
1644
63
7460
5315
5474
1246
1980
5705
5881
1306
7139
5479
6641
6161
4398
4086
3511
903
3239
7135
2905
4646
3395
2270
7336
3954
3432
3465
2531
6846
5446
2432
4587
3857
1794
965
5106
1605
5852
4706
6284
4526
4939
6983
1604
4813
189
6848
954
992
4262
2600
4001
36
4842
6575
7451
658
4215
3241
1293
1146
5719
6336
4892
1011
3566
2443
4896
6478
5437
5826
6217
6198
43
1751
7569
126
5707
1704
7425
2092
1631
4721
311
2763
4540
5493
4409
2407
2954
4718
5898
4656
74
234
4637
2120
754
7100
4695
5415
316
4754
7262
1670
5198
3458
2461
2473
3037
1676
6235
4868
5176
139
1020
4467
6854
4988
66
5307
1538
4746
2008
2599
6764
1681
341
3118
3479
7464
1287
396
4464
4164
33
6664
1845
6522
2353
2490
1650
478
5275
6443
3324
3690
3989
6659
5169
3332
463
7398
7468
3700
1270
6409
4934
1346
3908
6236
154
3147
3469
3743
3519
5375
3504
6026
3389
696
220
5016
5157
4275
4752
3918
6078
771
3231
6118
3829
2168
6571
6033
3892
2800
615
2433
4195
6008
2288
2919
6614
6719
4114
631
3749
3816
2629
6082
4661
4135
2359
2395
2603
634
5706
7130
1269
3240
6433
1519
5037
3158
3883
4018
6689
5220
2507
7272
7249
7214
1691
4299
2584
853
2598
3234
5730
7291
4574
6195
2742
7086
435
4065
2861
2608
4555
6977
5367
3541
1680
3100
5994
3401
6428
2736
7334
5370
4035
55
4359
351
3916
3109
4797
404
6133
784
2982
1267
4644
6073
1052
3969
7012
6431
4598
5739
5560
5771
6778
5092
4885
2868
3383
1061
4882
1683
4781
5293
2028
3042
1501
1024
1975
395
6267
7031
5721
2682
2009
7055
5890
4950
4072
5671
3708
5325
6117
3727
2332
2239
5053
2101
2952
6047
4725
70
5813
227
5259
502
1560
4901
5400
1599
3015
5249
1612
5432
5901
3152
4853
2943
3125
4313
5077
6314
6914
1488
3805
898
5832
4226
580
1780
6655
729
2462
6020
7068
3390
6412
2213
6953
7061
6697
1938
4309
6786
2291
3769
4046
2830
7342
7271
2670
3673
182
6772
6762
7486
6292
1954
5199
1753
4106
3440
5328
2738
2471
7261
4214
2836
1242
1043
34
3746
2627
4082
1298
5889
3884
964
3229
6189
3399
489
5775
4818
4860
3967
46
1359
5574
4672
5565
1190
2796
1131
977
5610
2502
7001
2929
5918
3134
7015
2631
6316
5722
5107
7236
6654
128
6410
1047
4847
517
6367
3212
3041
2613
6709
4027
6253
1193
6181
6359
3614
6434
7395
6500
2579
1610
5971
4628
5728
1863
2710
695
2188
1363
7470
6802
5895
3415
7345
297
4837
3568
1775
6787
1658
737
3495
2007
4251
6634
6721
382
5268
7302
3375
5660
697
6570
3879
358
7113
5624
749
1838
3806
4631
5135
4702
5406
2241
127
2639
1036
4364
1136
2152
3013
5709
6120
3570
1461
4811
4678
3999
334
4265
6599
3714
5936
6050
2238
2162
5024
164
3563
2325
1523
7557
719
1263
406
2544
5013
649
1402
4734
7445
1815
3232
893
3953
80
532
477
963
742
491
1912
6918
3585
7485
3277
6874
1330
6562
2777
967
1405
369
2343
4688
826
5836
3600
4786
1903
1539
7410
2146
2656
1008
448
4187
4983
976
6572
5377
927
407
5245
6623
4787
6159
2781
6723
6591
1413
4677
7428
5566
3061
7138
3307
7047
5922
1400
5285
4150
3964
401
3059
213
4953
201
3931
6324
511
5337
1703
6838
3617
4762
5250
3596
3103
6468
5326
7019
5839
6126
725
1677
1150
5127
1334
5917
2125
639
869
3257
6246
5538
618
2587
589
4521
6727
6741
1117
1162
6287
2135
3039
6998
2713
7523
5193
6440
5541
6045
3724
340
4776
4614
5081
2503
5664
5930
6275
2266
4719
4736
469
1271
6211
5814
2488
1286
2113
4078
1883
1327
4739
326
2133
7364
6708
3353
6505
99
4450
3649
2070
6583
2132
1922
7340
7361
2328
6172
3197
461
5611
4486
503
3054
2004
7378
2610
6955
2709
3780
5736
6313
4244
7089
6341
5114
2809
1583
4666
5154
2658
3610
2828
6320
4919
5451
5564
1394
25
1235
6191
210
5979
4595
3772
6272
1458
3204
3244
1003
2309
6520
1943
6700
336
5085
5012
4956
1594
2645
4487
5
219
1276
2157
3887
5376
3699
537
1348
5725
1331
7497
6323
1944
7376
6693
3398
3089
6377
143
2277
5915
7537
4861
5858
3063
5860
5788
3787
6090
4997
6363
3160
6678
2640
671
6452
1234
6494
1714
149
4303
5809
6104
5835
172
2128
1921
387
6352
6652
624
2183
2493
3733
2703
4996
7192
7070
2770
1818
3608
6553
6783
7152
1284
5227
2184
4499
4515
2346
165
6502
397
7225
5769
5429
3656
3045
7306
5196
5780
6610
6040
2256
1935
5208
5916
6459
2826
5545
6958
1469
703
415
2917
4947
1699
2323
890
5308
4326
6917
6845
6226
1906
3078
205
5361
4758
951
5616
819
444
4844
110
7206
1025
1082
5584
7098
3531
1876
5674
3317
3621
6173
5969
6048
6550
1283
399
6887
3607
6851
7292
938
108
4577
6294
2134
762
4884
5764
6738
6827
664
2195
5758
1295
7103
3613
3018
7203
4015
2853
1773
1328
5996
6430
176
1452
5864
3113
5059
2255
54
4858
5102
5868
4432
856
7004
6460
6547
4116
1622
6945
1426
5253
2190
2373
2416
1491
2528
3543
5122
6156
2912
1423
5820
4228
4059
6279
3438
6779
6714
4620
810
628
7210
1430
7156
1640
4929
28
3230
4380
1826
4109
2013
814
3085
1930
4961
0
2192
6891
1827
4029
872
2095
1015
3405
2714
2643
2363
4317
51
3043
7045
3387
1391
5694
1065
3754
7402
4705
4305
5177
2518
5139
854
744
5075
5297
4162
6329
4083
338
7514
1982
6684
633
6085
4537
925
3674
845
531
2459
1917
6663
5466
7021
3548
4167
2882
490
1471
1834
7466
2765
3057
2902
2053
3880
1372
613
1450
1151
4694
3276
6931
705
6419
1440
6852
6042
4372
5993
2897
5491
155
5849
920
6617
305
2249
2155
3635
5975
2394
991
1636
3223
6153
5371
1236
6142
5086
6454
215
7022
3493
6621
203
3716
6009
3822
4891
4679
1829
1421
4920
3219
5003
1772
4264
4791
1369
166
3445
6408
3261
2965
2729
581
7276
4793
6332
258
5033
3449
3067
5782
4258
3439
1789
4759
1241
3702
253
479
2848
6711
2720
2733
5909
4245
6296
3213
5800
5312
1801
2365
4785
4367
5609
3520
6765
6973
3577
2260
936
2321
236
3688
2408
5784
2887
761
7524
7013
7009
2885
2492
3372
1958
1587
4107
924
1822
6730
1717
3826
1141
2096
678
6027
4867
6866
17
443
380
4941
2444
6877
4058
4505
5006
2145
2994
4412
4172
552
6767
2344
5947
4190
1128
5404
7338
4395
257
2265
1899
831
665
691
3819
3603
910
2450
1115
7561
641
3589
1882
2551
7562
103
4143
4887
4054
2871
1617
3396
263
2187
1647
344
3677
7538
2016
5822
4608
3348
6743
3187
2153
7391
2487
4091
1881
5620
3795
3282
2110
3500
836
5305
6645
914
398
5750
5648
256
3373
6771
4916
7036
7065
1382
6111
5865
4542
7069
5019
5604
2290
563
4230
6840
7221
5627
3086
6574
4025
2047
879
4825
4047
3253
4888
2106
4750
2647
866
9
5078
3710
1106
6028
7408
429
174
623
5842
5818
5958
4191
1307
2354
5222
1357
1456
7058
6121
22
4819
1006
4597
685
3686
1156
3552
5158
7433
630
5684
4720
5030
6800
483
6596
4345
3406
6263
3178
2792
6166
4460
2158
4653
4724
2901
1888
4064
4561
5043
3767
579
1848
659
5710
1038
541
91
3672
2025
2568
1671
3185
6985
1745
7074
1985
7160
4033
3217
6642
1392
7397
5063
4532
7343
5542
2261
7422
7260
2337
11
6646
6636
5727
3995
3053
4012
1387
7384
1630
5296
4321
4516
6630
7505
1231
2968
5144
1569
2689
5701
5128
1381
5351
1874
3505
412
3683
4519
1230
486
152
4473
5378
145
6660
7014
4351
29
6819
2059
4846
6347
4039
6692
7030
2719
377
13
167
6881
3564
4632
3763
4820
1557
6540
6567
6742
6992
984
2083
6978
285
1228
2378
5618
5534
3662
1853
4080
3351
6371
5203
410
4044
5411
2397
6305
197
4806
1166
1513
4294
6338
7224
4862
2385
6017
7207
3790
5653
7237
2632
6349
513
2204
7143
1174
1868
3080
3349
6411
23
3094
4536
4904
917
4237
6021
6107
1483
4796
2318
6894
4239
1808
1462
3337
4026
4909
5449
1891
2000
769
1700
1963
932
2340
7573
5419
5700
495
3678
5856
2310
1639
4588
5255
3920
35
405
2027
4459
7392
162
6023
4502
2114
7042
1125
524
2305
616
3870
7111
4925
2797
5516
3557
2924
7202
2186
7057
688
2248
3148
3811
1219
5140
4465
6269
6264
5528
3657
4830
6525
4352
31
5171
6299
7532
2872
5280
229
7500
3525
2077
3076
2681
7572
248
3265
4898
5796
4691
3006
2695
4403
7333
1729
2412
673
1213
193
1041
5319
1506
90
4980
2298
4873
5263
538
3946
5601
6471
6797
3371
2242
2334
5517
67
5156
5815
1839
2377
1759
545
6856
7204
1305
3370
6144
6768
1884
2312
7549
2282
3474
430
2500
1544
5593
2674
2491
733
6671
6971
553
5642
299
6832
1987
4838
6065
7563
1807
3000
242
3919
805
5298
1114
6325
6529
2333
2086
7141
1995
7322
3124
6214
4188
4808
5896
1593
3264
5046
2678
1618
6627
706
4507
5527
1694
53
6595
59
4207
2802
535
1031
3200
2237
2967
4323
5290
3984
3198
2281
2706
980
450
7011
4557
5899
844
1828
1147
721
348
5744
4936
5425
6328
5477
1663
4594
6726
445
5172
5503
2971
906
6618
6331
1603
6376
3881
7227
1175
3978
4974
5966
7107
4022
5785
2984
4975
473
4802
1417
2038
3312
2246
2813
2509
2283
1498
760
3329
7450
5442
2207
2342
6096
2571
5197
6158
6913
2061
5656
4986
1821
5644
2684
2572
1012
4410
7186
2437
1186
2611
2367
3770
5243
2138
7328
3105
752
454
129
6102
5774
6875
1046
1201
4744
1385
1796
2768
3492
3052
6457
4875
3842
264
5535
5450
3823
6273
1978
1665
4700
3193
6380
4789
7147
5321
4639
6712
3684
654
4918
5938
6281
6626
2881
2179
4831
6109
3885
1470
3450
1129
3654
1258
136
3640
6345
204
1600
2364
828
6326
2671
1909
2778
5863
2071
6731
4456
3760
4165
1783
6980
6455
2267
6321
192
4216
7355
4076
3675
1416
7153
1480
2801
5948
7223
452
4048
1245
5630
1212
413
199
5464
4670
5381
5529
4732
6006
3366
1425
1749
2033
3728
1722
4173
5481
1207
6007
1666
3685
2993
5825
5905
254
7146
6763
1096
449
6366
1388
3980
7516
4478
5147
3528
4550
4994
3542
6777
3338
330
4385
5022
5160
3009
6696
130
5848
6910
252
494
158
6474
4942
3164
5840
7295
1409
594
1375
3629
1887
1813
3426
3176
3546
2938
2730
6949
698
6557
5504
3755
510
86
5363
1100
2577
5718
5957
3306
7097
1993
3341
4807
6842
3326
640
1135
6943
5398
117
4547
5242
3961
3181
2504
2712
3786
1817
6025
1297
6077
3325
1710
1310
5834
5368
1911
1803
5932
6804
2477
44
933
6941
7440
2852
422
2220
916
4715
3846
5552
4055
5079
431
7039
5798
347
653
6939
2767
6543
3550
1659
3785
3547
1842
877
827
7020
6759
4362
269
2688
6403
4056
457
2728
7545
701
2109
2735
3416
3848
1079
3945
2218
514
183
804
7218
855
1510
3748
2521
5094
4052
1945
6666
3904
7406
3595
4447
2846
6252
1770
962
4343
6183
3368
3910
5116
3385
6871
7559
7417
6463
6479
6031
