3167
1142
2844
120
1374
1095
1895
2941
2797
311
2183
2192
1077
72
312
2588
668
1458
499
1329
1433
1976
515
2511
2254
2738
29
1814
1242
938
2009
2169
795
2672
133
2528
468
1983
1080
304
1015
2726
122
939
1222
1158
1811
3158
1514
148
1574
131
3230
2000
1021
2681
1889
424
3210
2902
2038
2996
2247
2311
1876
3317
2555
829
1839
1322
592
2577
295
597
491
1074
1891
1303
3070
1602
1076
1369
1754
3029
2926
469
583
436
1930
3097
3249
1365
2370
3025
1425
1809
1484
1812
1471
23
214
924
1801
693
1856
1255
3150
2058
832
365
1513
1241
2120
2250
1575
1325
2618
725
1742
3245
144
796
2413
1817
2483
127
1272
3215
257
1901
2069
1414
3243
2158
1229
3102
2597
576
1543
2693
650
2940
195
846
809
2037
1644
482
2374
1224
1495
617
121
251
285
3309
820
2339
1194
2765
2001
2399
600
3302
1827
3082
30
994
146
2773
1592
1741
3101
3094
51
2980
2974
3144
3035
905
564
2750
1441
708
1869
1939
45
461
2478
1382
189
3008
2928
2248
2823
3091
104
673
521
1758
