2973
2280
1002
615
2738
597
3176
1007
3127
296
589
1314
1860
1303
1754
3207
1769
1904
462
2199
2745
2003
3115
2023
2383
3024
2874
3142
1284
3214
1613
1719
2706
2729
1037
592
755
1820
2949
1741
782
1983
114
138
2187
1043
251
1168
295
1129
1411
1953
2927
2421
2752
2695
3203
3118
1348
1081
127
2980
157
896
846
473
1809
1876
3146
118
881
331
1624
3263
1180
3081
2882
729
3217
147
2951
1706
1330
1341
124
1750
2301
3277
181
648
2679
2014
1015
1605
3185
2391
169
1851
688
2542
2905
1992
1723
1260
678
166
1433
1520
3287
2334
3192
1575
2595
2728
290
1673
2026
2581
1946
2161
