520
2080
293
3227
577
2768
136
1773
2836
820
2417
903
1741
2237
1087
3174
3011
1609
613
3116
1725
1542
2956
295
1408
3053
666
3065
289
2595
2119
3047
2334
576
2938
2352
2637
3302
1395
1032
488
808
2259
3185
1500
1672
1057
2340
3198
1493
1074
3226
1549
2698
2808
974
3282
234
473
2065
767
3001
371
1992
1081
2437
2401
415
1738
2972
2759
1185
2390
1575
23
2082
2376
1851
3101
2260
946
189
665
1453
717
781
1740
2463
936
2714
2567
93
2281
755
1637
1091
1824
1743
2258
3262
593
735
674
2192
1756
1014
2687
1574
3118
688
1649
2612
2147
2514
1754
2483
3097
2293
631
2309
2741
3138
67
2003
2606
2356
2511
2396
2188
2904
3287
978
896
1996
449
320
1296
1118
1475
1873
