774
935
1526
1922
2972
2083
1165
1860
8
223
3161
2854
2025
206
1880
316
3174
135
1992
1617
104
854
1846
1650
1596
988
28
1838
1505
107
1099
2290
1609
745
1365
30
1140
1198
1286
2188
292
2786
2176
1414
611
477
3227
258
3295
2511
164
652
1927
2682
3124
811
1544
1271
2843
2073
168
3255
131
1858
2759
2644
1670
404
1091
1124
2014
1676
2098
3319
687
1348
1284
1827
2649
2738
1013
1655
425
2316
3126
2641
2206
1729
3252
638
654
2938
801
3296
2612
3184
251
928
2550
391
2897
1789
1646
1179
585
2596
1619
305
2094
2011
318
2237
3142
913
1114
2082
1221
2580
2520
2213
3305
1045
2632
2421
1867
948
1095
1692
365
1215
3136
1870
1936
528
979
2031
2138
1265
3024
520
1876
335
358
1893
1015
729
213
2506
718
388
917
2781
628
1843
3191
1820
3025
2736
331
631
