1010
1758
1602
2645
1154
1083
477
1222
1363
1475
1049
122
2797
2447
2230
1797
3215
1243
1197
462
1477
2001
2660
105
2556
1439
431
3226
488
1232
37
1438
2598
1946
2043
1676
3293
3191
1046
448
1048
1873
1849
1806
829
676
1505
3114
1853
2316
1650
3262
3151
2042
579
1712
2582
2841
2673
440
2070
620
3127
2597
1947
2307
1697
2198
73
118
2237
1451
2124
1635
3097
2901
1827
2387
2777
3025
1821
103
2550
2052
517
1114
2404
3016
1817
2085
1895
3150
1776
3163
1141
1382
3296
603
1971
1926
1719
2245
1005
2430
1281
2544
412
64
1150
2107
2731
2564
2498
1314
1964
3270
578
3286
2964
986
1151
2940
1263
19
935
2414
275
3161
2818
667
2371
34
3083
324
3158
3142
398
609
1272
2778
2992
314
1304
753
3256
3238
809
297
1422
2160
607
1879
1848
3233
473
3323
2110
946
735
3099
3167
1834
432
1835
2323
9
3252
2827
1334
1833
481
817
1292
2522
2321
2767
1688
1820
2685
2288
