7
3026
1210
497
1792
2235
1219
2802
2792
964
1555
1273
1113
2222
3289
2454
2030
1391
87
155
232
252
1945
758
1766
2540
2156
857
3085
1206
269
1461
2822
2415
2272
1840
1523
3050
828
2658
2953
1121
895
3194
2553
3061
3236
3248
1715
635
1116
850
2005
2756
1626
1508
308
1623
3069
2446
1333
1807
2895
1181
1630
868
512
1127
864
1643
971
100
2539
1245
2086
1454
2111
947
541
1397
1009
1094
3160
1768
2332
975
3154
533
3222
379
1680
1313
268
3197
2078
2776
995
1226
1890
3017
899
2853
1178
2758
2214
821
1159
2017
766
618
1877
466
2212
656
2734
1399
612
1295
1632
385
