3089
2644
1331
2775
600
798
251
1122
332
133
20
2785
2363
3287
1776
2543
2652
893
2563
2641
1748
2293
2323
2795
1575
1475
657
979
2166
2959
2007
2926
1149
2357
2749
1252
2377
2882
2094
683
615
2927
966
3272
1625
620
25
1577
1749
103
1639
3256
658
1416
922
1455
127
1613
1079
666
387
1052
2432
5
376
424
870
420
1873
392
415
1979
911
331
457
2505
1666
2736
2055
2930
1077
2261
3028
1256
2627
99
3055
3007
1775
419
303
2013
3144
894
2714
3091
1629
2932
974
2027
1494
754
1081
2726
3174
896
416
153
1404
1295
1341
1121
936
711
1260
801
1592
1569
2115
2296
1435
147
138
477
2082
1627
1600
1319
2340
1482
404
2667
221
2137
2416
2687
1737
1238
2103
179
2417
1615
1165
1215
715
448
503
1207
2875
186
2048
1996
3150
3094
476
1555
1926
2653
2146
1697
485
2612
1333
1581
2582
2696
2940
533
2430
6
3082
1843
2352
1867
130
1085
2595
3155
501
2639
1837
2117
406
2515
634
1660
2908
2986
927
1930
290
1477
673
864
1537
3175
1542
2569
139
2799
1509
2208
1726
1912
592
3185
2480
2540
1900
253
1484
2933
3079
2964
3191
720
1573
2398
3058
3322
872
288
335
1194
2169
2544
539
1939
3095
2207
322
1645
2283
2805
1976
2215
24
573
1927
2418
1263
1838
2063
541
2158
912
1814
2344
240
3034
83
1982
585
756
899
2741
2616
28
2698
2788
2009
2165
589
1140
1284
577
2768
1536
707
1007
1300
3157
1523
42
2120
87
1783
2559
2267
1602
3122
3203
2899
649
1986
1508
668
882
2958
3001
970
2475
17
2598
813
2147
1265
463
618
2560
795
857
185
1997
1009
869
3214
1609
2778
2247
1605
2255
2310
1754
1538
1704
1834
1181
304
1551
891
2291
1174
994
1821
1402
1958
2345
192
687
2854
79
1634
23
1235
2078
1811
610
3204
1635
512
1099
2993
1244
1323
3099
2610
2745
2895
2448
1500
2320
738
3245
1801
432
515
1860
2339
1045
2685
890
3188
2275
2282
2099
2037
2254
2058
2568
155
2072
3209
200
2361
2681
1095
548
311
2383
3296
389
1514
1812
2412
293
3069
2901
688
2242
1395
2413
2399
1816
92
1354
1946
18
2305
517
3032
947
1436
2216
1391
62
928
2148
1192
802
3242
1076
2393
39
1797
2792
2392
1591
111
2046
2841
2931
2288
530
913
2750
995
1632
29
1974
2173
2316
650
1607
672
116
1505
2669
2874
816
135
2782
1069
652
1803
1447
468
1111
2315
2349
494
1414
190
1433
2019
2675
612
2873
1316
2011
2902
2312
2450
1164
1037
1186
2065
996
338
2624
2677
1241
1015
2096
1430
349
3255
1337
1857
799
3217
1649
114
2192
2786
2485
726
851
2271
1456
964
2437
800
3059
3190
2951
1902
2740
255
2550
1202
274
2693
1214
3136
3135
2025
2533
942
1021
1229
2704
391
2622
2606
3238
171
809
1243
1839
1618
2043
2236
2858
2526
318
1510
1326
2472
3187
1936
531
2880
1471
2000
446
528
1083
1729
140
1304
2083
1064
1827
1175
854
3233
2511
2979
1301
2081
2690
1983
2510
1937
2817
284
2409
1648
582
909
1276
2759
1545
2531
276
3101
2111
1415
678
2098
118
3280
1793
1792
619
808
12
30
1208
593
259
285
3281
2525
2213
435
2397
2819
403
1221
2574
2026
1361
821
2822
3230
1657
2909
3087
3116
2657
755
1493
2085
1338
480
289
2371
377
2752
1038
2112
1849
2684
2593
2228
1314
943
2273
817
1880
1809
268
829
1519
3309
1232
794
1965
2421
1520
348
1563
2057
175
206
1913
2973
850
2458
940
1597
2212
2781
1056
1549
2949
2005
796
2206
921
2107
1952
3249
1756
938
2375
1075
1328
1463
1483
2580
9
3227
2699
2597
3031
669
3317
988
455
3037
1669
164
3176
157
134
3003
306
775
3047
1690
329
1335
3112
574
1845
2651
607
1967
2564
2921
2999
774
1847
1676
1745
1578
1303
1879
2138
670
144
181
1617
1134
924
2370
1136
1670
3288
143
709
2715
1389
736
2368
950
2603
3318
822
3193
2152
1196
1556
1155
638
3286
3219
1074
3218
2321
2180
832
1087
1442
1944
401
2777
693
2941
3302
1705
232
2224
1790
19
77
3165
958
100
1623
761
314
868
2756
1114
425
1466
1644
13
1285
2953
3070
3224
182
549
908
2471
2567
2662
2355
1286
440
2292
1870
1931
1097
781
371
1129
2277
1222
2422
1110
2915
1702
1806
312
2086
2976
1024
2794
1741
3081
388
2608
2656
2093
2757
1438
2686
2555
3304
1247
1636
486
1680
2313
169
2506
2337
1253
1846
910
3009
2571
113
1908
81
1444
142
362
2235
2516
1869
2774
3147
2600
1485
46
562
1396
475
1789
174
1320
2245
2581
1368
895
405
2317
2850
735
2130
1901
1668
2996
647
1441
1141
3085
696
3207
2655
2139
1275
2160
3126
2920
1206
2934
1385
2239
1437
3312
579
2045
1313
2210
1091
602
1269
1292
158
1334
935
2119
3105
1765
433
2124
3083
2038
903
664
2970
3311
3228
3253
1823
1272
1890
2299
981
3138
234
2731
464
3049
2925
1492
2827
2447
1882
324
1521
1197
2928
1117
1480
1766
1422
1462
1689
21
462
823
1594
1589
3194
3151
2445
2844
3247
759
72
2806
3128
2301
2629
2776
962
136
648
1094
2742
1408
3308
1184
937
3111
941
2945
1891
3102
617
1743
2632
474
954
438
1198
2561
396
2080
1841
609
2179
3173
7
1113
1496
3169
1051
3295
905
865
2971
2214
1278
2658
231
1088
488
1893
3040
1479
2968
3221
2734
2075
3114
34
971
2396
611
1417
3097
2504
1606
497
1193
676
1855
412
3291
1574
2615
2157
2191
2625
3125
2897
511
1650
1972
1105
1318
2354
1219
3050
2
379
1938
436
1289
2469
66
213
3078
2992
1406
746
2424
2203
1714
1517
747
2851
2463
3124
2718
973
2956
214
3149
1495
636
1786
2721
189
498
2483
163
423
473
346
978
180
1033
1046
2003
656
2012
467
520
3016
1109
544
1190
1672
1168
695
1259
146
2649
1687
1130
1692
2522
342
2164
547
2621
2477
1693
1949
742
1397
635
1773
2967
3006
1683
3262
1112
2570
2499
2835
2017
2446
725
1769
2219
2743
622
2771
1740
764
1501
1759
2695
2391
51
75
2842
536
1747
1824
427
1922
2503
222
1688
1363
2286
45
2508
2974
1889
2808
1488
1258
244
1630
115
2588
583
1350
308
1048
1992
1703
461
2712
2390
2723
3197
2766
2326
1731
1981
2950
3118
797
104
283
37
398
766
2020
2388
604
238
3316
2539
351
1469
2073
2905
2558
2765
1185
2527
2193
1910
1706
929
677
3243
1584
3258
325
3017
3115
1512
2104
3222
1722
3014
748
1293
884
703
2265
2645
3236
3172
2051
888
2281
500
631
770
2470
1372
2542
292
3215
1515
1425
230
654
811
1158
2919
1876
1856
1840
3053
2407
3046
998
358
1257
1675
1646
1374
1461
2716
2773
2554
2892
904
2030
2272
223
3211
2802
109
2706
2356
2014
414
3152
751
3319
1655
492
661
955
482
2079
694
68
2110
1096
2521
3054
699
1678
1142
313
86
3320
982
2280
2338
2327
1544
1043
1240
1621
2367
1712
1964
1497
1237
2070
1778
1161
749
2672
2167
2183
2188
2332
698
1853
705
1807
2031
339
3226
2423
1453
2853
1180
1835
2198
1716
3167
1626
2596
176
820
1884
2230
1116
965
1820
166
2937
2260
2660
2311
3160
3119
1381
758
2969
1701
352
1010
779
667
1695
861
2201
1895
3026
252
1491
986
1032
1474
2869
73
1454
2980
2052
2308
767
3088
1167
159
1209
80
257
3306
3080
2825
2102
2414
449
3274
1947
3305
3108
1601
1959
743
350
3158
2972
787
2211
2682
1399
365
2426
107
3109
1242
524
1106
2156
120
1652
2105
3061
1904
1346
1850
729
2454
564
2865
2637
2250
2528
1201
161
1445
400
2200
1513
1956
1019
2779
3225
481
1980
265
2125
2514
1808
2977
327
1486
2701
2572
786
465
3277
1624
997
2914
1663
1532
1739
1128
1905
3323
2497
3066
1582
2912
2202
2123
3284
2176
1458
553
275
3015
1742
3263
471
2834
2015
2429
948
762
2041
3216
2517
3156
3252
655
64
1226
1732
2823
229
717
2066
917
383
1001
708
2290
3282
2300
828
1159
2443
98
2225
1296
1637
3039
844
3127
191
2538
1179
2336
1677
2343
1768
2384
570
149
2957
282
2161
3314
2545
1758
177
1709
1375
951
628
1369
225
2222
3024
2258
906
2650
578
1696
2415
2061
782
385
1210
2001
2289
2270
2276
1738
1659
2330
1124
1516
1213
2334
36
1715
847
1132
2314
2223
3110
2474
1382
594
69
272
599
975
40
2284
753
2042
991
2401
124
1894
112
2866
2944
2557
2673
588
2728
846
131
838
484
2886
1071
499
1315
2839
1945
1362
334
897
3154
1898
2688
47
126
204
1245
1154
1506
1145
3192
1273
2601
2229
932
1329
1057
67
834
479
2319
1862
1970
731
2577
44
1971
2387
3067
1993
2248
521
1005
305
297
361
1451
1919
2797
3299
1255
2732
956
1343
3008
491
1725
939
1918
168
690
918
3029
1662
1365
320
2665
2374
718
597
881
1717
3198
3184
702
1049
640
1002
2821
1098
2069
2818
22
2520
1305
3064
1392
2302
1322
1342
3289
3012
3232
1080
1013
2585
1411
3163
2259
1529
2691
745
1409
1539
2663
2023
2307
397
1330
1526
1325
2507
195
316
296
183
1498
3161
2618
1271
363
3189
172
2885
1086
364
2576
1767
269
1619
122
2190
1014
2116
1686
2404
565
3084
2498
3210
121
3264
3027
1750
366
603
1231
413
1151
1953
1596
426
3146
2836
2410
106
2904
2883
1127
2309
3065
2408
665
1405
466
2187
1146
1819
2553
2059
1178
2566
876
417
2738
1851
2643
1673
1266
264
554
1833
613
1719
2683
102
1817
2376
1723
1864
2679
2720
2551
2758
3035
1543
2136
773
505
2466
2114
1054
1082
431
1439
2217
873
1877
2680
3270
1281
434
2767
2121
1008
572
105
2298
1966
1647
152
2843
1638
2729
2960
576
907
1261
3011
1139
1348
2029
8
2623
3142
2938
2053
469
1643
2237
3025
2966
674
1118
952
946
1388
1921
291
1572
258
999
984
777
644
2199
3301
1528
1784
1848
3248
2730
148
2911
3293
934
805
295
1878
1818
2040
1224
2619
1858
93
246
1150
2556
301
1078
2478
1239
