3833
418
3856
4514
2210
1909
2473
4360
1497
3517
2752
1929
309
2348
846
1071
4548
935
4823
3231
1014
2231
3225
1219
4648
4838
3546
2020
42
383
1264
3689
5144
1140
4068
1207
2940
1744
5064
507
2304
3759
2295
4021
3740
4003
3333
1564
4006
957
3019
2841
4517
4661
1962
1411
16
255
1678
3302
2698
3762
1697
2338
209
1266
3738
20
2429
228
2422
755
2352
497
581
1637
3173
4421
2282
1607
3465
3440
1248
464
5101
2732
4736
4194
2867
4922
1259
4237
4965
3242
1626
572
75
773
1632
1074
3787
54
1094
845
2164
3263
3388
4208
1309
462
2112
3716
1341
648
5061
1281
857
363
1112
851
4401
2789
4328
4470
3745
4716
3617
4392
326
4515
155
4366
544
3103
2218
3768
338
2305
2056
2614
4782
2187
2312
3587
1018
879
3908
2911
2524
2912
3872
4811
452
3495
2635
1344
1085
4784
2096
2823
4189
1404
2202
4633
833
4608
1834
137
2209
4581
3594
1040
5001
2549
536
2691
1580
2269
2682
2462
592
4990
3859
218
1388
432
2992
1959
3554
1733
938
2586
1751
2516
1553
4690
72
4057
3167
1391
