3144
4976
1088
4304
4298
3805
3476
3647
2815
2750
1189
5043
2895
641
730
1227
4570
1033
679
4590
368
635
3792
2314
4837
1754
3517
1404
2374
1214
3216
2503
1632
974
1793
598
4597
4789
4755
3320
2060
573
3597
982
4549
1042
3727
3316
4673
4313
1897
3815
1877
3355
2584
2957
849
1983
592
54
2338
905
5122
1017
4540
1724
2581
4235
4194
3478
2884
367
1362
2823
4925
3799
4983
4109
1491
4742
2830
4449
4241
3268
1135
958
3234
4294
2513
2858
2628
20
2901
3854
1739
790
4769
1979
3911
2775
378
3490
1109
5082
815
925
1169
956
1312
2532
4659
405
4723
2244
1580
4167
5010
953
433
3535
