41
2563
455
2398
3867
3993
2652
4432
3874
4233
5129
1180
3509
3134
3912
5061
576
2682
1176
4448
2736
1284
4373
327
2211
2333
3951
336
1241
715
3566
2819
3526
4042
2694
4124
4855
2974
3507
4401
1016
4374
3976
1333
1277
4460
4440
5029
815
1762
1799
4940
557
4849
3797
884
5053
3786
2324
4395
832
931
988
1694
2280
1554
3645
784
2087
4248
378
3944
299
3276
3242
2656
583
2900
2145
2987
3609
3362
2437
4208
2123
567
3724
932
4414
2628
3718
1280
859
2978
21
3961
470
3738
4975
1360
4938
1798
4147
3003
4307
3886
580
4861
2706
4789
1808
2180
1872
2659
2348
2231
4170
666
4882
4627
1693
368
833
562
3043
3964
2157
3006
5159
4806
1597
2388
1094
3267
4452
2779
4735
4216
3535
457
