4848
2951
2792
843
3465
4629
3512
807
1854
1028
2313
2920
1761
1639
525
2857
198
1234
3587
1588
329
603
5069
1398
2837
663
4772
3976
4238
2926
3810
1855
972
1193
5154
3237
3438
3489
4940
4922
2938
558
403
2848
2947
336
1086
3034
2429
2743
2831
1849
59
1612
2390
1770
3793
2812
4790
4796
628
640
4734
334
2335
1102
3296
1333
3637
438
1206
1093
3310
2856
4342
4053
1793
3943
2135
3910
2659
3358
4726
4548
3074
1645
1182
729
3626
4297
2216
2136
1273
1058
4206
4912
536
4153
3270
4422
3513
4001
514
570
1541
4016
4983
2139
3979
2191
919
3967
745
2789
3676
1681
3172
3466
317
2253
4091
2315
682
2899
890
1322
1076
4404
3911
3199
110
4500
1023
2126
1804
462
82
2797
2379
4789
4493
414
4313
3612
348
4590
287
3128
4556
1598
1720
134
4557
3133
2273
1075
178
3708
74
3110
