2202
3908
4149
1046
3230
2653
4217
2918
3753
3783
2355
2469
415
4960
5028
2294
5072
1170
1278
4792
2796
2009
278
3011
4574
1505
4006
1380
2655
4917
4797
1688
2912
4421
3993
3826
2616
3102
3350
1684
75
2597
3776
4300
4625
730
145
3917
3739
1082
2916
4230
4746
1379
4308
71
1806
2343
2479
360
2100
3785
174
2487
2637
1427
2863
281
4952
2823
1669
2438
1372
2652
706
4548
1501
4114
388
2825
2795
1968
309
3063
3173
4398
2176
506
2216
1720
3871
3252
3267
4957
2298
2043
2088
101
1705
348
2596
3433
843
3880
916
522
4655
2349
1772
982
4214
1532
1061
4947
2115
1320
1833
2599
3568
3615
1238
285
4931
754
4861
4878
3931
3475
1489
1319
1435
2615
2089
4801
2310
778
461
2866
620
3490
3473
1333
4457
2503
2015
3440
3194
204
2777
1581
861
4582
78
4546
4449
1635
4447
147
683
4061
1639
2706
5053
4460
1831
4431
1029
198
3842
347
1932
2525
3953
4187
2260
4411
5133
456
4135
4856
