3030
4303
3271
5007
941
1031
4096
2550
911
4355
747
1164
490
212
1145
3461
2973
561
4889
1867
1106
3184
3072
5145
390
3257
2577
5071
3766
2548
5110
991
3488
676
4450
1472
872
3013
1603
2423
3060
1509
45
3323
1609
2887
1816
4252
2695
4663
8
2963
3081
1187
1346
187
3870
4513
3372
518
79
3809
2036
4840
4601
977
4669
3380
86
2948
401
582
3277
3456
1908
1050
4353
3121
3778
3761
2151
341
4835
498
2382
5011
3697
2127
4554
1944
2328
900
219
3878
2500
2458
5027
3458
3163
5051
1723
117
1617
1945
3494
940
3717
3113
2057
2325
3096
3841
1515
4190
2167
3796
1843
3036
2387
3643
