3351
1706
3105
2459
3910
4432
2996
0
781
339
1820
2399
2730
4523
1231
1052
47
2058
4551
485
957
3359
4091
1432
1257
4785
1174
1550
1117
1136
3754
4982
1332
3217
372
1323
175
2748
3931
3116
3483
5012
1972
1687
1794
1070
3189
707
2786
920
4603
2866
1881
2398
4113
4344
513
4578
4205
4456
1198
2437
1720
3402
1176
619
2037
5103
4993
1834
3814
2758
4477
4200
506
520
4181
1125
4966
2433
678
2854
1220
889
2604
3800
3178
1802
2779
3267
1240
2223
2694
1040
1482
3158
760
1899
1647
1713
1833
3187
3038
608
335
838
2030
3578
4381
847
3275
1413
4480
2652
537
4187
2463
1122
1756
4814
2778
1691
3951
1962
1154
4451
4132
4149
4461
3375
3230
968
301
4651
5033
3225
1678
691
4510
206
4209
4460
4184
3871
2369
317
4386
3287
3627
4998
4357
1893
503
347
4901
1611
2155
3034
11
417
2484
2823
2298
502
4500
209
4873
861
4525
3214
4509
4871
1022
4063
3399
1906
3928
4878
3779
3998
4738
2292
3428
1163
1408
4609
4819
5075
3317
1776
1532
641
1854
3002
2103
4569
4826
4655
3937
3769
3476
1504
2916
4565
1099
1760
4735
915
5174
4309
3860
4455
1658
2584
1606
3741
859
2831
4984
4352
5154
2837
4095
1540
3944
2374
3396
2833
4746
882
4327
1750
4922
18
665
1526
3612
2000
4992
1463
4256
1603
1157
4834
4784
1578
775
1293
4385
3816
1112
3647
3215
940
2004
4417
2960
2664
3390
1282
1517
4230
4278
2556
3934
272
582
161
4274
499
3804
3739
4074
1958
73
532
3880
3030
4896
1887
211
5017
793
5058
3542
3825
2431
1525
254
1275
712
2135
4246
2085
58
4980
680
2455
1474
5051
5177
3731
4382
5097
575
473
4606
1507
3325
4801
1975
469
4332
2020
4608
4340
2686
1362
2880
2272
618
4482
2305
207
2181
3231
508
748
1384
4924
2423
547
327
1928
2266
4191
497
1203
3019
1011
2677
2481
4326
2844
4779
35
32
2233
4912
1225
4670
4235
1725
2340
1859
4715
631
2500
4375
1119
2088
2693
2580
4955
3482
1983
4261
1365
2871
94
4742
3806
869
4298
5172
4447
752
3961
2889
1341
4040
186
3839
2320
179
33
5166
15
3709
2586
2642
83
4348
1017
5102
3445
50
1959
4448
3807
1904
4805
3099
300
4161
1808
2784
192
362
905
3264
225
2538
273
4400
1968
2671
1773
4545
3827
5095
953
3467
1783
2691
1429
4211
3791
3443
4722
2343
5195
1259
3072
3604
4295
1190
3793
634
3442
364
3549
2882
1037
1621
3113
3321
3884
1370
1020
4725
2471
5159
61
5179
3260
1053
903
1075
1659
1110
4015
1582
5057
2239
808
944
2295
1059
5137
4699
2245
2050
3870
1534
4948
4312
3974
3171
79
598
4353
2097
1953
1751
3170
1722
4645
3397
1132
3766
2271
1551
2242
2910
4194
145
172
5150
4127
2820
4506
2335
5067
4252
4217
2847
4166
3794
3129
262
2198
4290
910
4825
88
1033
2008
2675
2549
1670
4573
4860
2392
1314
964
388
1402
4624
1238
1179
1689
666
2777
2227
2598
1284
3014
2403
3477
1967
3183
1502
1372
3852
831
1295
919
4424
2373
87
431
2382
4057
2462
4339
4242
3008
5108
4080
2018
4921
1633
269
815
1847
4997
4045
4425
3289
74
2038
3771
1697
3801
215
4631
2943
4613
938
997
1428
3360
3744
1925
887
3311
415
1130
1499
966
2715
1894
4941
2906
2640
853
3975
534
4308
4611
4239
3901
1331
3623
2469
3552
1544
1886
3857
198
19
3386
3983
3819
434
2122
1261
1045
879
2478
289
1569
454
3723
4130
337
1431
2751
992
1668
367
849
2965
767
4361
2720
3087
1090
31
3448
536
53
4247
3833
2563
3425
3378
3079
3700
1051
1871
4056
1437
3882
1030
1054
1693
4222
5052
3130
4458
1645
3679
2372
956
2637
2224
4394
840
241
1947
557
4960
3235
1005
4946
3900
3557
2956
851
3021
876
3296
570
3978
3649
2919
2836
769
1562
1168
1319
1214
3603
196
1484
1245
3491
1806
898
76
740
1353
1193
4316
16
829
4201
2381
2255
2875
713
4076
4331
4681
4747
2517
3257
1631
4411
3237
4421
4313
1680
4469
813
3073
2565
610
2826
1425
4260
2307
3822
1334
3391
204
155
1458
3427
2408
3007
4806
4000
2964
128
2739
243
2571
3504
894
2601
698
5099
4689
4588
3248
1898
1914
890
1510
4483
4737
1985
1378
2236
2407
1955
3734
2310
1398
1589
3127
313
2106
4389
2138
1837
785
2659
3629
2608
2809
1016
4728
3755
2117
3246
423
1095
2487
2289
1851
4721
1992
1856
2246
1223
1930
3973
462
3413
3137
2445
4625
2075
3905
3208
3370
4271
4635
2299
5193
1908
4416
2092
4262
1145
846
2947
637
2581
4346
4913
3675
735
1447
4684
3196
3912
3068
2136
356
592
729
3440
3302
768
1133
2105
3555
2841
5037
4251
1688
4809
632
3344
312
2895
3495
3089
3936
5074
2698
5025
36
1392
3670
952
1727
2104
3644
2376
3200
1594
45
3384
1612
3702
2968
5047
5044
1246
3429
4437
1641
3395
2279
5138
2011
1529
4365
2959
688
1980
3724
3966
1842
495
59
4680
2553
2621
3480
616
3596
1118
2154
4786
1607
3044
3574
3569
3393
72
2473
3334
1844
2667
1858
1156
426
3139
136
3830
3224
4371
3668
1769
1459
3182
1816
1031
4867
2118
1355
1767
363
2309
4841
1572
2188
1684
4404
188
1097
240
3157
113
771
4392
51
999
3913
140
2125
2490
3220
1427
973
4897
383
4415
2237
3057
2499
2774
1916
1838
747
694
1644
1148
542
366
3663
3357
200
111
2111
2506
2312
1071
125
716
2139
438
4379
2434
3478
4257
2229
4465
4886
2588
2724
3205
2938
576
1705
3942
539
3587
2010
1327
178
1399
3515
4041
1539
1074
2084
965
3697
730
3084
2856
376
2521
3716
2367
5191
2629
3100
458
790
2375
3005
4387
4550
2548
2044
2241
555
4974
1869
3932
1061
3528
2508
1559
2178
2123
4492
1419
3891
2143
2772
352
2973
3097
2606
4890
2033
3872
972
2397
2673
3457
4983
306
2496
1167
490
2921
2093
2812
85
1753
518
398
1798
2277
3715
1441
1981
2006
4556
1969
3611
2628
2978
1542
1761
4794
5170
1990
1029
1596
4543
2670
5161
1812
1614
3247
3481
386
5087
2365
1254
2890
924
3535
4493
2783
3263
4196
4561
2068
2387
159
4869
2570
3559
3545
1782
2401
4649
3064
1584
112
4408
2559
1393
4697
2985
4329
2764
2363
5155
4255
3548
2251
78
2666
3783
3421
3233
1923
1944
2297
4750
3727
483
3092
4004
3906
3121
4150
2438
3188
2384
3333
5096
440
708
4709
360
1857
3301
1208
766
498
3456
1961
1577
4648
3600
3530
1803
5142
1804
2676
2516
714
4026
3772
2970
2458
1598
1302
3838
2796
705
3556
4296
227
2032
2536
116
2034
3453
2203
3540
3345
726
746
2594
2632
107
629
2805
4582
2816
4244
2446
3837
1922
2879
586
3601
4849
5094
1742
3768
578
2474
1361
3271
3993
5036
4377
2539
311
4602
2992
1191
3575
3401
923
3011
2311
2918
2575
1849
2379
2017
3980
4238
144
3778
717
2280
2787
5001
1524
202
3979
418
571
4961
4587
160
1101
959
3576
3745
4065
3635
4593
4560
646
2062
4116
4856
4567
2614
428
3389
4661
1845
2325
3802
4586
370
212
3438
2193
2228
3163
4069
1212
4053
5165
2766
1397
1768
1144
3065
1832
4815
733
2703
4484
983
2702
2175
1018
5152
4927
3662
3382
1049
2212
2654
1543
4763
5014
2799
4100
1666
2864
3879
3096
3620
2988
935
3760
1328
1498
4034
332
5110
5114
1475
4830
2057
4265
3688
2162
2552
3738
1098
4489
4202
3435
1444
2342
5016
2282
1158
559
3759
2578
3765
798
1917
1864
342
4616
429
988
373
2091
3544
4823
2949
3994
2648
2273
1993
2838
3892
1322
3593
4118
2497
1999
1987
3506
993
2937
4840
4536
263
1617
4164
1590
259
1312
1965
42
1021
3398
3067
676
4378
2952
3579
561
1094
4436
4028
5015
2480
1264
1739
4502
1042
4414
322
4016
1625
4883
1935
2199
2336
3216
1516
2602
3920
1294
1640
2576
3128
1492
1933
721
3422
5011
2074
2830
2725
4549
2318
3597
2096
645
3572
1316
333
4250
1004
623
1127
1618
3475
4743
845
3304
448
4286
884
2635
4363
1651
5009
3054
4133
2319
348
4010
875
1411
3577
1830
3546
1321
3681
4109
1206
3947
661
2855
1209
1273
4219
1189
2981
899
1855
1227
3103
3315
863
3338
3213
2861
17
4304
654
3917
2804
3984
2007
842
580
948
5072
2218
3270
4212
2562
84
4988
4203
1395
2721
1357
4143
932
512
3463
1368
3859
4111
1546
4151
4882
3750
3010
3179
3046
3245
461
3743
2394
2647
675
3272
2192
452
442
2254
695
4180
5093
1420
4021
3866
4227
1106
2087
805
2752
4836
1634
108
5083
770
286
2911
5006
2317
1723
2858
2897
4829
4810
2558
3342
4641
2267
3433
4409
4695
4656
267
4216
2750
1333
945
357
394
2449
341
1771
2612
4279
2359
1252
2653
3881
264
3035
1885
5129
3922
213
2909
1343
1632
3154
2291
3507
5128
2813
611
65
7
2801
2962
3431
3053
3326
1608
3255
4014
4994
3369
836
1717
2436
3756
3363
3232
2270
3062
3201
4672
3785
3133
1477
4372
4767
3876
893
2036
2596
2507
1627
1564
3997
41
393
3746
4122
2792
2731
3740
1556
1135
4283
4055
1229
2009
4017
3939
4475
444
5135
3781
1364
2892
4570
4168
2100
1473
2711
4355
2485
515
4724
2313
3279
837
3488
5157
3028
4539
4752
1795
3286
4280
581
1082
316
4657
2741
3439
3665
1563
1443
1772
1817
2168
4692
703
2152
1814
3988
3776
1000
4987
1758
1307
1762
1369
2189
878
1350
710
866
3320
4241
346
2545
3619
4894
142
2863
1615
1102
2746
3074
1213
3498
3650
4758
2717
2867
4518
516
4548
3954
2274
4276
395
1204
4491
1124
4678
4682
4554
1501
1470
2900
5000
2483
3594
996
2126
2646
4940
2209
2706
3831
299
99
5053
400
4272
1354
4075
2304
55
3990
3114
3812
2213
4675
1522
3285
436
3167
223
4479
2244
1185
900
2591
1586
2286
589
4774
3737
3735
3259
4231
3145
2577
3914
1410
3210
862
4575
1940
285
5028
464
1023
2454
2489
590
4532
3717
484
328
5109
1452
1733
435
2470
4546
3642
3729
2987
1549
2466
1781
3595
2099
3085
114
117
4952
2794
4816
389
2514
2701
655
3690
773
1692
1909
558
4044
2705
3063
1824
1218
253
872
3432
1495
1467
1823
3283
1236
806
3459
1281
4369
731
3501
801
2158
1292
101
3454
700
2180
2
4373
2920
4893
2569
835
4727
929
5
5176
2935
4098
2933
3156
4206
1344
1984
1186
4264
2948
4226
4165
723
4663
2729
4457
4547
3845
625
2658
3206
5060
1744
2378
1228
3226
3614
177
3479
3725
3828
3303
2873
82
795
478
526
1407
1949
3527
4476
3026
4294
2065
3346
3536
3855
1068
2056
2638
4861
2827
164
4967
1541
2899
4419
639
1078
1493
3202
4517
3694
5078
3809
3736
2719
1401
43
4911
2710
4991
4153
1995
738
1155
3592
2456
3911
2127
3782
1250
4237
4704
1716
1287
1159
1740
3417
3218
3598
226
13
4360
91
2695
4497
2027
774
1076
809
3003
4208
3849
3695
3238
1558
4474
183
2590
1096
1192
1512
3815
4803
2656
384
2907
2078
4426
880
4123
4324
546
583
1143
3646
2098
3651
336
2540
1553
565
804
173
2888
2306
4082
1535
3517
1728
5183
2926
4674
4863
4006
4391
1170
2737
4433
4190
1555
3339
3582
396
612
2600
1921
75
3586
3169
633
4917
1491
2217
1325
2124
1069
1954
2942
1583
2669
2927
281
3199
1279
1743
3091
1346
2754
3566
4398
1924
1593
4855
2021
2967
4337
796
3701
4828
1799
4755
1242
2042
1241
1829
718
2636
4723
3797
5171
5106
4061
2849
2211
4036
2416
4769
4639
67
4169
3112
4772
3487
2247
2187
4708
5082
4862
2994
4614
917
5010
4124
4906
2447
3461
1012
885
245
4929
4177
3525
5115
4301
1662
1105
4519
3444
199
3854
681
4345
3747
258
963
1623
4633
947
4914
256
471
105
5027
1478
1754
1840
20
902
2263
1404
3835
4321
1047
257
2982
622
3234
4563
3281
754
1800
4996
5021
2901
2776
4875
1388
4189
2130
4090
5065
90
564
1979
828
4218
70
1745
844
3466
1455
3673
218
505
2421
4673
1421
2148
305
1073
802
3227
4926
2825
3361
1088
110
3550
297
1932
3899
1289
3610
614
2735
3524
3153
4046
2287
4423
3945
27
772
821
2850
2457
3935
3808
1654
3023
4851
545
3081
3508
3561
1317
1472
4835
3960
4591
1655
491
2922
830
961
1162
3123
3534
1600
4846
2260
3786
4887
3
2323
951
4584
1835
1352
1450
2121
2828
3203
780
3437
1895
974
2151
1253
416
4748
4232
2931
8
2362
2200
886
3925
3732
2406
543
3276
4900
2756
2467
3848
4358
24
1169
4079
4520
584
3195
231
4248
3818
34
4013
4449
693
1616
3473
4254
194
3669
2232
3451
1635
4664
753
4671
3537
154
3033
3503
2337
1100
4003
314
22
3775
1387
4422
5151
5050
2995
422
3963
4915
4322
2912
1103
1737
148
857
1423
1138
528
782
615
1638
1008
4581
600
764
3155
1487
44
4711
4490
1777
4839
1956
2930
2532
958
4147
3207
4773
2035
2857
621
507
891
4756
3590
2527
791
4700
217
3471
2503
4559
5133
706
5186
2757
2808
2315
234
1866
1435
4470
467
255
995
1836
2231
4066
2395
4842
1531
4976
607
1508
967
2404
143
4653
4207
1166
3956
4594
1945
2396
4590
2353
4263
3452
191
238
2112
2435
1681
298
2116
544
2515
4865
684
2662
4070
2133
392
4795
4135
2501
2682
97
1581
4831
1677
3676
5038
4703
4338
1235
4249
1998
2945
4159
1828
987
1801
2472
130
834
2157
3312
720
282
121
3853
4847
1791
1081
4888
3258
4468
4328
4268
4919
669
3605
1726
2616
377
3539
1872
3518
3316
4642
1599
3599
379
2972
4973
3648
288
3841
3492
3609
3558
560
3637
1248
4931
4481
2349
1650
3834
1891
4600
451
4963
1080
3016
1243
3141
2660
2886
1412
1339
1181
3878
1436
1813
3048
3039
2557
4702
599
2415
744
3355
2896
3864
2418
1197
3641
2115
1628
1741
4267
1036
2479
4052
54
4858
252
3147
2226
3999
2385
165
1807
2420
1661
2595
1269
628
5147
2073
1710
2832
5162
1483
1351
1822
3075
1605
4629
63
3678
3817
1818
3516
3269
1
2023
4832
4944
1938
871
2163
4051
2388
2627
2261
3710
4501
4956
48
3408
1700
2186
2709
2443
3643
3567
2555
2913
1755
2164
3843
1194
1609
818
668
4513
2268
2599
4601
4964
2063
4676
3181
1786
1086
3367
4029
1843
1298
3617
2429
2560
3959
2069
3554
3036
4605
4059
2285
3060
1897
4705
2585
2422
1503
2641
3151
2494
3174
5098
4923
606
1107
3842
5124
3541
803
4343
3867
3222
4114
4790
742
1219
5071
4406
692
4171
5088
3718
3191
656
3773
2338
385
1230
3242
4350
4441
4030
1014
985
158
1266
704
3708
1140
382
1184
3607
4780
3470
4068
4486
3761
2795
975
4167
4188
5086
1007
1509
4157
911
594
858
3446
511
949
2321
2762
4047
1839
643
3274
833
778
3943
5123
470
3704
4495
1025
577
2760
4905
4488
4300
3430
554
3042
1108
2915
1497
3810
2391
4820
3077
4765
4005
1271
292
3083
270
1077
1382
2324
2989
4453
233
2685
1884
2452
3176
4281
284
648
1747
4557
1642
1109
1304
2348
810
361
40
329
2290
1929
4562
4852
3144
922
5127
2350
4429
1272
3350
1403
228
5107
3751
2253
1342
4686
3186
4311
95
1703
1251
2202
4934
3194
2351
1210
1657
4384
1796
4438
5068
2884
1702
4720
3628
1285
3024
3298
925
4418
29
4366
3490
867
2513
1848
3143
3280
3110
1244
1694
2573
1602
1652
4958
683
3134
3689
3712
4916
4334
524
2339
3423
1359
1595
1468
1971
2110
1619
4808
3022
2167
1072
4320
424
4599
2842
4736
2957
2689
2222
3000
800
3373
2482
2012
4292
509
4431
2210
2460
3706
1044
3631
4085
349
405
2680
4234
3061
907
4892
4139
5085
1409
4315
5189
2951
2524
307
1141
1058
1391
109
134
4585
4778
3293
4412
3489
4943
3095
4741
4178
3041
4105
5104
2185
2822
1759
3640
1026
5018
4762
1151
3294
5077
2939
553
4508
326
2512
3726
2072
4542
3856
4732
2064
4838
414
1936
445
2360
4515
4067
1262
3505
888
287
4859
3250
401
2623
745
784
525
3573
1746
3962
2083
1826
3464
127
640
5089
1537
1629
3450
4087
2414
689
562
397
4364
2984
2891
3184
4213
3086
647
651
3175
2346
147
124
667
3547
1515
2383
2495
3310
153
4821
4760
1010
1234
492
4126
3056
1139
2140
5073
4156
2465
1056
2015
156
4627
1187
3805
3058
4395
4597
5029
514
1046
1481
1853
2451
236
5121
5007
1310
1513
1805
4957
296
3358
3221
2834
916
682
2530
3409
3933
1937
3379
402
587
527
1461
4620
4302
1571
28
1092
2551
3976
3672
4579
3886
1373
2789
3314
459
3950
4323
219
3340
2615
345
4754
4106
2461
4541
3699
3659
934
1934
1152
3858
4658
1142
789
4910
5004
765
2425
2651
4933
457
2176
1375
1566
2728
1554
832
1528
3877
4879
12
2613
3639
2328
548
3521
2191
3686
4884
1309
3829
3381
3388
1180
2634
351
3404
1084
102
4853
3458
4454
2240
4895
1390
2955
2322
3009
522
4399
4744
1774
4529
1735
3683
2843
4792
4110
2732
3792
5023
563
224
3146
2734
2727
5145
874
2262
2743
4144
2327
5120
2172
3799
1667
4179
3465
4951
4965
1265
1260
807
2877
2183
1270
4018
4659
4937
4891
1649
1597
4434
3266
4011
3043
4117
2874
2932
3385
2361
4701
2815
1793
2644
2622
672
2440
3102
3796
455
456
4485
3372
1637
5054
4162
2215
970
2177
4918
4342
2294
1038
4811
1560
2971
3268
4275
5144
4949
3262
4401
4186
1226
2542
3069
1809
274
4025
1797
531
5141
538
4990
2785
3992
4307
906
1001
407
3862
697
2049
4782
3875
1977
4499
185
1371
3468
2142
4669
4062
572
1417
4698
2543
2974
2432
5020
1996
4442
2807
2966
235
2848
4427
4413
5080
1165
3874
3820
2607
1810
1215
3185
1297
3295
2529
477
4619
3256
4753
249
715
2733
1305
5131
3377
4297
3012
3953
4999
4318
620
4968
3513
3347
2355
1430
2887
1134
1724
5064
1994
174
1137
2770
2525
3510
2531
3811
3526
294
4463
4632
303
1620
1626
1738
1665
921
4002
2089
2537
3531
201
4119
4889
2681
4083
2080
823
2520
5122
3277
338
21
493
1963
2824
3328
4487
1199
120
913
1358
4233
1164
3148
1182
4877
4607
309
2707
1896
4050
441
755
277
119
2818
3798
293
1648
2102
3424
1085
4713
1946
1330
1277
3969
1278
4516
1129
3684
2071
1301
757
3698
359
3730
1669
4610
649
5101
1050
2761
3177
4740
3626
1630
2736
1989
2747
4938
1466
3826
1172
2835
433
1027
4362
5031
81
2314
3908
1449
4975
4182
4514
2657
2409
2146
4726
1489
4128
1380
1587
1291
5063
2161
4577
2905
1028
1340
797
990
443
4540
1374
3512
279
3564
1326
23
4969
3553
3416
3252
2940
2195
319
1462
5148
137
1035
2975
3173
371
2788
3571
928
3789
4452
1698
1299
4152
946
783
4771
187
5049
4420
1064
5059
1580
2220
2377
4125
69
2016
2775
5169
3720
4440
4096
2060
1043
2683
10
605
2941
1200
3762
4039
1875
2225
5081
2791
324
2742
1019
2631
4403
3784
3031
4072
1574
1247
660
3861
4844
635
2364
4827
2043
2541
2055
4979
1877
71
653
3615
943
3434
3583
2819
1280
390
941
2169
4042
1128
2048
2519
3412
14
86
1320
4904
2197
650
1283
2534
2300
2003
931
1104
2718
2303
4120
2308
4555
2171
2024
843
170
4650
1719
982
1770
991
3787
567
3197
2216
5181
2248
2924
4749
2390
403
2370
4574
3240
585
4225
4768
4462
1456
4439
4220
4035
2147
1379
1588
573
4402
2817
1573
4405
4925
4273
1383
334
3380
4185
5069
679
4712
3653
3964
4759
302
5040
1731
4845
2763
2567
4466
2059
977
1093
1442
2963
758
368
3868
3722
4450
574
5024
1841
2903
1207
5091
5061
3212
2597
1561
5113
4284
4710
4367
4531
1860
4646
3938
278
3387
4734
1889
3568
1335
1831
4777
1131
737
304
1765
1126
759
2582
1912
475
3004
1695
2605
2862
3967
80
3323
1494
354
4707
30
3027
2618
2275
1111
3020
4142
4807
533
3104
4717
2829
1646
432
950
2269
115
4303
4299
1867
4170
663
4848
596
3341
854
1505
613
2070
1217
2655
4837
4872
4172
4528
4716
2797
2410
4571
1237
2031
4947
195
5041
1519
3645
812
2946
3469
1256
1123
1490
2587
4001
378
3462
2476
1451
3728
2869
3052
4797
779
3362
1445
2477
4374
4690
409
989
2333
2997
4683
1416
2769
2936
722
979
2768
4043
4789
3788
1579
3752
5164
1880
2550
5112
425
3895
2145
3494
1639
2617
1679
3753
3509
4668
391
4347
3172
1360
4630
2366
283
4221
4526
68
1576
4679
860
3921
1942
873
2076
2196
2870
2603
3013
1178
5043
4008
3633
761
687
2347
38
4174
734
4214
4533
3563
1150
3111
820
1063
1613
181
2672
1918
638
2079
4796
2352
2345
3135
2765
2726
2430
1376
603
1964
1682
1324
749
3006
246
